Glod Price,Day
日期	开盘	最高	最低	收盘	成交量
2006/1/1	516.9	516.9	516.9	516.9	4
2006/1/2	516.9	516.9	516.9	516.9	4
2006/1/3	516.9	534.7	516.9	534.6	4
2006/1/4	534.5	535	525.5	533.9	4
2006/1/5	534	534	522.5	524.3	4
2006/1/6	524.3	539.7	522.9	539.1	4
2006/1/8	539.1	539.1	539.1	539.1	4
2006/1/9	539.1	551	535.1	548.1	4
2006/1/10	548.2	548.2	539.2	542.1	4
2006/1/11	541.7	549.3	539.1	548.6	4
2006/1/12	548.5	549.3	541.8	544.9	4
2006/1/13	544.9	557.3	544.4	555.7	4
2006/1/15	555.7	555.7	555.7	555.7	4
2006/1/16	556.3	561.8	555.6	561.4	4
2006/1/17	561.2	563.8	551.7	555.2	4
2006/1/18	555.3	556.9	540.2	540.2	4
2006/1/19	540.1	559.7	539.8	559.7	4
2006/1/20	559.6	567.5	551.9	553.1	4
2006/1/22	553.2	553.2	553.2	553.2	4
2006/1/23	553.2	560.1	550.9	558.6	4
2006/1/24	558.7	559.2	552.8	558.1	4
2006/1/25	558.1	566	556.5	562.4	4
2006/1/26	562.6	562.7	554.3	558.8	4
2006/1/27	558.7	564	555.6	558.5	4
2006/1/29	558.6	558.6	558.6	558.6	4
2006/1/30	558.6	568.8	557.9	568.4	4
2006/1/31	568.2	572.2	565.7	569.4	4
2006/2/1	569.8	571.3	563.1	568.4	4
2006/2/2	568.3	574.6	568.2	571.2	4
2006/2/3	571.4	573.2	565.4	567.2	4
2006/2/5	567.2	567.2	567.2	567.2	4
2006/2/6	567.2	573.4	567.2	568.7	4
2006/2/7	568.6	570.5	546.3	548.8	4
2006/2/8	548.8	552.5	544.7	550.6	4
2006/2/9	550.7	566.4	550.7	566.4	4
2006/2/10	566.5	568.2	546.7	550.1	4
2006/2/12	550.3	550.3	550.3	550.3	4
2006/2/13	550.1	551.2	538.4	538.8	4
2006/2/14	538.7	547.1	534.6	546.7	4
2006/2/15	546.3	547.3	535.9	539.4	4
2006/2/16	539.2	548.7	535.6	547.6	4
2006/2/17	547.7	553.9	543.8	551.6	4
2006/2/19	551.6	551.6	551.6	551.6	4
2006/2/20	551.6	556.2	551.6	555.6	4
2006/2/21	555.6	555.9	550.8	553.5	4
2006/2/22	553.4	555.2	547.1	554.4	4
2006/2/23	554.4	554.6	547.8	548.7	4
2006/2/24	548.4	559	547.1	558.5	4
2006/2/26	558.4	558.4	558.4	558.4	4
2006/2/27	558.5	558.5	552.2	553.3	4
2006/2/28	553.2	562.2	552.7	562.2	4
2006/3/1	562.3	566.2	559.8	562.7	4
2006/3/2	562.5	569.8	561.4	569.3	4
2006/3/3	569.2	569.9	564.3	565.1	4
2006/3/5	565	565	565	565	4
2006/3/6	565	567.9	551.9	553.9	4
2006/3/7	553.8	557.7	548.2	552.4	4
2006/3/8	552.5	553.4	538.2	542.9	4
2006/3/9	542.8	550.1	539.5	545.5	4
2006/3/10	545.5	546.5	534	540.2	4
2006/3/12	540.1	540.8	540.1	540.8	4
2006/3/13	540.7	546.3	540.5	545.3	4
2006/3/14	545.5	551.9	542.4	551.2	4
2006/3/15	551.1	556.7	550	552.7	4
2006/3/16	552.6	556.2	547.1	554.5	4
2006/3/17	554.5	557.2	551.6	553.7	4
2006/3/19	553.5	553.5	553.5	553.5	4
2006/3/20	553.5	555.9	549.7	553.9	4
2006/3/21	553.8	554.5	546.8	551.9	4
2006/3/22	551.9	553	546.7	550.3	4
2006/3/23	550.3	550.6	544.4	549.5	4
2006/3/24	549.4	560.7	548.5	560	4
2006/3/26	559.2	559.7	559	559.7	4
2006/3/27	559.4	568.1	558.4	566.5	4
2006/3/28	566.5	569	562.3	563.9	4
2006/3/29	563.8	573.6	559.9	573.1	4
2006/3/30	573	588.9	571.2	588.2	4
2006/3/31	588.1	588.1	578.7	582.4	4
2006/4/2	582.8	582.8	582.6	582.8	4
2006/4/3	582.8	591.2	581.8	588	4
2006/4/4	588.1	589.7	584.4	586	4
2006/4/5	585.8	589.3	581.9	588.3	4
2006/4/6	588.4	596.4	587.1	595.4	4
2006/4/7	595.4	597.7	584.9	588.5	4
2006/4/9	588.1	591	588.1	590.7	4
2006/4/10	590.8	600	589.5	598.8	4
2006/4/11	599	603.5	592.8	594.3	4
2006/4/12	594.4	599.5	593.1	598	4
2006/4/13	598	598	590.9	596.3	4
2006/4/14	596.3	598.9	596.1	598.9	4
2006/4/16	597.8	600.1	597.8	600.1	4
2006/4/17	600.1	615	599.6	613.1	4
2006/4/18	613.6	623.5	612.3	623.5	4
2006/4/19	623.6	641.2	621	636.1	4
2006/4/20	636.3	645.4	607.8	611	4
2006/4/21	611.2	635	610.2	634.7	4
2006/4/23	633.4	640.3	633.4	639.4	4
2006/4/24	639.2	639.2	618	620.7	4
2006/4/25	620.9	634.5	620.9	629.1	4
2006/4/26	629.2	640.8	628.1	640.3	4
2006/4/27	640.1	643	625.9	634.5	4
2006/4/28	634.6	655.3	633.8	653.6	4
2006/4/30	652.5	653.6	650.1	651.8	4
2006/5/1	652	660.9	652	655.1	4
2006/5/2	654.9	668.8	652.8	667.2	4
2006/5/3	667.1	676.8	659	665.8	4
2006/5/4	665.8	679.9	660.4	678.5	4
2006/5/5	678.4	684.1	675	683	4
2006/5/7	683.3	685.8	680.6	684.8	4
2006/5/8	684.7	684.7	671.3	680.4	4
2006/5/9	680.5	700.7	677	700.2	4
2006/5/10	700.1	709	693.7	705.8	4
2006/5/11	705.7	725.5	704.3	716.6	4
2006/5/12	716.4	729.7	708	713.8	4
2006/5/14	714.8	714.8	711.8	713.5	4
2006/5/15	713.7	719.5	676.2	677.6	4
2006/5/16	677.5	692.5	674.6	687.3	4
2006/5/17	687.8	715.6	685.2	688	4
2006/5/18	688.3	694	678.5	680.2	4
2006/5/19	679.9	687.9	651.1	659.1	4
2006/5/21	657.3	658.5	654.7	656.8	4
2006/5/22	657.1	660.6	636.7	657.1	4
2006/5/23	657.3	674.4	651.7	666	4
2006/5/24	665.9	670.2	635.5	641.8	4
2006/5/25	641.9	651.3	639	650.5	4
2006/5/26	650.7	654.9	640.7	652.7	4
2006/5/28	652.8	652.8	650.9	650.9	4
2006/5/29	651.7	653.3	646.6	650.4	4
2006/5/30	650.2	664.8	648.2	652.4	4
2006/5/31	652.5	659.1	638.9	644.9	4
2006/6/1	645.2	645.2	621	626.7	4
2006/6/2	626.6	638.4	618.8	637.7	4
2006/6/4	637.7	639.8	637.4	639.6	4
2006/6/5	639.8	645.1	634.2	634.3	4
2006/6/6	634.4	638.7	625.7	628.7	4
2006/6/7	628.4	630.8	616.8	626.2	4
2006/6/8	626.1	626.8	608	610.9	4
2006/6/9	610.8	616.9	600.9	605.9	4
2006/6/11	606.9	608.5	605.2	608.5	4
2006/6/12	608.6	611.2	602.5	603.1	4
2006/6/13	603.2	603.8	561.1	564	4
2006/6/14	563.6	570.7	542.6	554.2	4
2006/6/15	554.3	577.8	554.1	577.5	4
2006/6/16	577.5	584.4	566.8	580	4
2006/6/18	578	579.7	577.3	578.7	4
2006/6/19	578.6	578.9	562.8	564.7	4
2006/6/20	564.9	577.7	560.7	577.7	4
2006/6/21	577.8	590.3	570.6	589.1	4
2006/6/22	589	594.5	579.3	580.9	4
2006/6/23	581	585.6	571.8	583.2	4
2006/6/25	582.7	585.8	582.7	585.7	4
2006/6/26	585.9	586.7	577.3	585	4
2006/6/27	585	595.5	578.7	581.1	4
2006/6/28	581.3	585.8	576.9	580.3	4
2006/6/29	580.7	599.8	580.2	598.6	4
2006/6/30	598.7	615.6	597.2	615.6	4
2006/7/2	613.6	614.8	613.6	614.8	4
2006/7/3	615.4	625.5	615.4	624.3	4
2006/7/4	624.3	627.7	616.8	627.7	4
2006/7/5	628	629.8	617.7	626.4	4
2006/7/6	626.3	634.6	622	632.7	4
2006/7/7	632.5	637	627.5	629.5	4
2006/7/9	628.7	629.7	628.7	629.2	4
2006/7/10	629.1	631.7	620.3	622.2	4
2006/7/11	622.1	643.1	621.4	641.8	4
2006/7/12	642.1	655	639.2	647.5	4
2006/7/13	647.4	665.5	644.6	662.2	4
2006/7/14	662.5	667.1	659.1	664.2	4
2006/7/16	664.3	673.2	664.3	668.7	4
2006/7/17	668.6	675.7	640.8	645.5	4
2006/7/18	645.2	653.9	627.5	629.6	4
2006/7/19	629.7	646	618	643.3	4
2006/7/20	643.5	644.9	626.6	627.7	4
2006/7/21	626.5	636.8	616	621.1	4
2006/7/23	620.3	620.4	616.4	616.8	4
2006/7/24	616.7	619.8	602.1	615.3	4
2006/7/25	616	623.4	609.9	618.2	4
2006/7/26	618.1	626.5	613	623.9	4
2006/7/27	623.9	640.7	623.6	635	4
2006/7/28	635.3	637.6	626.2	633.8	4
2006/7/30	635.3	638.3	635.3	637.9	4
2006/7/31	638	638.8	628.8	636.5	4
2006/8/1	636.6	647.9	630.6	647	4
2006/8/2	647	655.6	645.4	651.1	4
2006/8/3	651.1	652.3	639	645.8	4
2006/8/4	645.6	653.8	643.5	646.4	4
2006/8/6	646.2	646.6	645	646.6	4
2006/8/7	646.7	651.7	645.8	647.7	4
2006/8/8	647.7	648.6	638	639.5	4
2006/8/9	639.6	654.5	635.2	649.4	4
2006/8/10	649.2	653.5	633.7	636.7	4
2006/8/11	636.8	644.4	626.3	631.5	4
2006/8/13	630.9	631	627.2	628.2	4
2006/8/14	628.2	632.6	623.6	626.3	4
2006/8/15	626.2	627.8	620.6	624.4	4
2006/8/16	624.6	632.1	623.7	627.9	4
2006/8/17	627.8	631.5	613	614	4
2006/8/18	614	618.3	607.2	614.2	4
2006/8/20	614.4	615.5	614.4	614.8	4
2006/8/21	614.3	628.7	613.7	626.9	4
2006/8/22	627	628.1	620.4	623.6	4
2006/8/23	623.5	629.8	620.8	622.4	4
2006/8/24	622.3	626	617.8	618.7	4
2006/8/25	618.8	624	618.3	622.6	4
2006/8/27	622.3	623.2	622.2	622.6	4
2006/8/28	622.8	624	612.7	615	4
2006/8/29	614.9	617.3	607.2	614.5	4
2006/8/30	614.4	620.2	612.5	618.4	4
2006/8/31	618.5	626.9	618.3	626.6	4
2006/9/1	626.6	627.3	619.5	625	4
2006/9/3	625.4	625.4	624.5	625	4
2006/9/4	625.2	627.6	625.2	626.1	4
2006/9/5	626	639.7	626	639.1	4
2006/9/6	639.2	639.9	630.8	635	4
2006/9/7	635	635.7	614	617.8	4
2006/9/8	617.9	618.9	606.2	610.1	4
2006/9/10	610.4	610.4	606.2	606.5	4
2006/9/11	606.5	606.5	582.8	587.8	4
2006/9/12	587.8	599	584.2	586.6	4
2006/9/13	586.5	592.8	578.7	589.5	4
2006/9/14	589.5	594.8	574.2	574.6	4
2006/9/15	574.5	581.3	570.6	577.6	4
2006/9/17	579	583	579	580.3	4
2006/9/18	580.4	588.7	578.1	587.4	4
2006/9/19	587.5	587.7	572.1	572.5	4
2006/9/20	572.7	585.9	572.7	575.7	4
2006/9/21	575.6	585.4	574.4	585.1	4
2006/9/22	585.1	592.2	584.3	588.7	4
2006/9/24	589.7	589.7	587	587	4
2006/9/25	586.8	591.5	581.8	591.3	4
2006/9/26	591.4	593.3	586.1	591.2	4
2006/9/27	591.2	603	589.8	602.6	4
2006/9/28	602.7	606.4	600.4	600.8	4
2006/9/29	600.7	603.4	594.3	598.4	4
2006/10/1	598.4	600.6	597.3	600.5	4
2006/10/2	600.8	603.4	594.5	594.8	4
2006/10/3	594.8	597.6	573.8	575.7	4
2006/10/4	575.5	580.4	559.7	565.8	4
2006/10/5	565.6	574	562.3	572.2	4
2006/10/6	572.1	573.7	560.5	573.2	4
2006/10/8	572.6	575.8	572.6	575.8	4
2006/10/9	575.6	580.5	571.3	576.7	4
2006/10/10	576.8	581	569	574	4
2006/10/11	574	578.7	570	573.1	4
2006/10/12	573.1	579.2	570.8	578.8	4
2006/10/13	578.8	589.9	576.8	589.6	4
2006/10/15	589.4	592.9	589.4	591.3	4
2006/10/16	591.2	598.5	589.8	596.4	4
2006/10/17	596.2	597.5	585.8	589.1	4
2006/10/18	589	594.8	587	591.7	4
2006/10/19	591.4	600.3	585.9	599.9	4
2006/10/20	599.8	602.2	590.9	591.6	4
2006/10/22	591.7	592	589.3	589.4	4
2006/10/23	589.5	592.5	579.4	581.3	4
2006/10/24	581.3	586.4	572.7	584.1	4
2006/10/25	584.1	591.9	579.5	591.4	4
2006/10/26	591.4	598.4	589.9	595.3	4
2006/10/27	595.3	599.4	591.7	598.2	4
2006/10/29	599.4	599.6	598.1	599	4
2006/10/30	599	610.3	598.3	603.7	4
2006/10/31	603.6	607.3	597.8	606.2	4
2006/11/1	606.2	619	605.3	616	4
2006/11/2	616.1	625.7	614	624.3	4
2006/11/3	624.4	628.9	617.4	627.7	4
2006/11/5	624.3	627.5	623.9	627.4	4
2006/11/6	627.5	629.4	622.3	623.9	4
2006/11/7	624	628.8	621.6	624.5	4
2006/11/8	624.5	626.5	612.9	616.1	4
2006/11/9	616.1	635.3	614.9	634.6	4
2006/11/10	634.5	636.1	625.1	627.3	4
2006/11/12	627.7	628.2	627.2	628.1	4
2006/11/13	627.9	632.3	620.3	625.5	4
2006/11/14	625.6	629	618.8	621.6	4
2006/11/15	621.6	624.7	615.4	622.7	4
2006/11/16	622.8	627.9	617.8	618.1	4
2006/11/17	618	622.2	614.4	621.1	4
2006/11/19	622	622	620.9	621.2	4
2006/11/20	621.2	626.6	620	622.7	4
2006/11/21	622.8	628.8	621.9	627.5	4
2006/11/22	627.5	634.3	625.9	629.8	4
2006/11/23	629.8	631.9	628.6	630.8	4
2006/11/24	630.8	639.7	630.8	638.3	4
2006/11/26	638	640.6	637.8	640.2	4
2006/11/27	640.4	641.5	636.6	641.5	4
2006/11/28	641.5	641.5	632.6	639.2	4
2006/11/29	639.2	644.3	634.5	636.2	4
2006/11/30	636.2	648.5	636.2	646.8	4
2006/12/1	646.8	649.7	643.3	645.4	4
2006/12/3	645.3	646.9	645.3	646.7	4
2006/12/4	646.8	647.7	640.4	644.9	4
2006/12/5	644.9	648.3	638.4	639.9	4
2006/12/6	639.9	640.3	627.9	630.1	4
2006/12/7	630	633.7	624.6	632.8	4
2006/12/8	632.8	637.7	623.2	624.2	4
2006/12/10	624.4	625.8	623.5	625.7	4
2006/12/11	625.6	630.5	622.8	629.9	4
2006/12/12	629.9	630.7	626.7	629.1	4
2006/12/13	628.9	630	623.2	628	4
2006/12/14	627.8	628.9	625	625.6	4
2006/12/15	625.6	628.6	614.4	615.4	4
2006/12/17	614.8	615.7	614.8	615.4	4
2006/12/18	615.4	618	611.5	616.4	4
2006/12/19	616.4	622.7	614.8	622	4
2006/12/20	622.1	624.2	618.9	620.8	4
2006/12/21	620.8	622.1	617.7	618.7	4
2006/12/22	618.7	621.3	618.1	619.9	4
2006/12/25	620.7	624.4	620.7	622.8	4
2006/12/26	622.8	629	622.4	624.7	4
2006/12/27	624.8	628.9	623.8	626.6	4
2006/12/28	626.7	635.4	626.7	634.6	4
2006/12/29	634.5	636.2	631.8	635.9	4
2007/1/1	637.1	637.5	635.8	636.3	4
2007/1/2	636.3	640.7	636	639.5	4
2007/1/3	639.6	644.7	625	627.2	4
2007/1/4	627.1	630.3	620.5	622.5	4
2007/1/5	622.7	625.8	601.9	606.2	4
2007/1/7	607.9	609.1	607.9	608.2	4
2007/1/8	608.1	610.1	603.4	609.6	4
2007/1/9	609.7	615.3	605.6	613	4
2007/1/10	613	613	605.8	611.3	4
2007/1/11	611.2	615.7	608.7	611.7	4
2007/1/12	611.6	627.2	609.7	625.6	4
2007/1/14	626.5	627.4	625.5	626.2	4
2007/1/15	626.1	627.7	624.7	626.3	4
2007/1/16	626.1	627.7	622.6	623.6	4
2007/1/17	623.5	633.3	619.9	632.7	4
2007/1/18	632.8	636.1	625.9	627.8	4
2007/1/19	627.8	635.9	627.1	635.1	4
2007/1/21	634.9	635.7	634.7	635.2	4
2007/1/22	635.1	639.4	631.7	633.7	4
2007/1/23	634	647.5	633.2	646.2	4
2007/1/24	646.1	648.6	638.7	647.2	4
2007/1/25	647.2	654.2	644.9	645.4	4
2007/1/26	645.3	647.7	640.7	645.8	4
2007/1/28	645.8	647.4	645.8	647.2	4
2007/1/29	647.2	647.6	640.6	642.7	4
2007/1/30	642.6	646.9	640.6	646.4	4
2007/1/31	646.6	654.2	641.9	652.2	4
2007/2/1	652.1	660.8	651.8	656.8	4
2007/2/2	656.8	659.4	642.9	647.4	4
2007/2/4	647.6	648.4	647.6	648.1	4
2007/2/5	648.2	651.8	645.8	648.1	4
2007/2/6	648	658.1	647.8	652.8	4
2007/2/7	652.9	656.4	649.9	651.7	4
2007/2/8	651.7	661.3	647.6	660.4	4
2007/2/9	660.3	668.4	656.7	666.4	4
2007/2/11	665.9	667.9	665.9	667.1	4
2007/2/12	666.9	666.9	659.6	661	4
2007/2/13	660.9	668.7	660.4	663.6	4
2007/2/14	663.6	671.5	663.6	668.8	4
2007/2/15	668.9	670.1	662.2	668.2	4
2007/2/16	668.1	669.2	662.6	668.7	4
2007/2/18	668.9	669.2	668.1	668.2	4
2007/2/19	668.1	673	667.7	670.9	4
2007/2/20	670.8	671.6	655.5	659	4
2007/2/21	659.2	682	656.8	677.6	4
2007/2/22	677.6	680.6	675	675.4	4
2007/2/23	674.8	687.8	672.6	682.8	4
2007/2/25	681.1	683.1	680.5	683.1	4
2007/2/26	683.2	687.8	682.2	686.5	4
2007/2/27	686.5	688.5	659	664.8	4
2007/2/28	665	677.2	661.1	673.8	4
2007/3/1	674	677	655.4	658.7	4
2007/3/2	657.2	663.8	639.6	642.4	4
2007/3/4	642.7	644.3	642.1	642.6	4
2007/3/5	642.7	644.6	632.4	632.7	4
2007/3/6	632.4	647.4	632.4	647.2	4
2007/3/7	647.4	651.2	642.6	647.2	4
2007/3/8	647.5	655.3	647.4	651.7	4
2007/3/9	651.9	657.6	647.3	647.8	4
2007/3/11	650.1	650.1	648.9	649.7	4
2007/3/12	649.3	653.6	645.4	648.9	4
2007/3/13	649	651.6	641.5	642.6	4
2007/3/14	642.7	645.5	636.5	644.6	4
2007/3/15	644.7	649.9	643.7	647.8	4
2007/3/16	648	654.8	645.8	652.8	4
2007/3/18	654.5	655	653.5	654	4
2007/3/19	653.9	655.9	651.8	654.4	4
2007/3/20	654.5	660.5	652.5	658.4	4
2007/3/21	658.4	664.5	656.7	663.4	4
2007/3/22	663.5	666.3	661.7	663.2	4
2007/3/23	663.2	664.3	655	657	4
2007/3/25	655.8	657.7	655.7	657.6	4
2007/3/26	657.8	664.6	657.7	663.2	4
2007/3/27	663.2	668.4	661.4	665.6	4
2007/3/28	665.7	668.8	663.2	664.9	4
2007/3/29	664.9	665.5	655.2	661.3	4
2007/3/30	661.2	667.3	660.8	663.4	4
2007/4/1	663.2	665.5	663.2	665.5	4
2007/4/2	665.6	665.9	656.3	663.1	4
2007/4/3	663	667.1	661.8	663.3	4
2007/4/4	663.4	675.1	663.4	674	4
2007/4/5	673.8	675	671.3	673.4	4
2007/4/6	673.4	674.2	672.9	674.2	4
2007/4/8	674.2	674.2	671.7	672.3	4
2007/4/9	672.3	677.4	670.3	671.9	4
2007/4/10	672	680.9	671	677	4
2007/4/11	677	680.2	674.1	677.2	4
2007/4/12	677.2	679.3	671.1	676.5	4
2007/4/13	676.6	685	676.2	683.8	4
2007/4/15	685.2	686.7	685	685.1	4
2007/4/16	685	690.7	682.8	690.2	4
2007/4/17	690.1	690.5	685.7	687.2	4
2007/4/18	687.2	690.5	685.5	689.4	4
2007/4/19	689.3	691.4	678.9	683.6	4
2007/4/20	683.8	693.2	683.1	691.4	4
2007/4/22	691.6	693.2	691.6	692.3	4
2007/4/23	692.4	693.2	686.8	689.7	4
2007/4/24	689.6	691.5	681.1	683.9	4
2007/4/25	683.6	686.2	682.1	684.6	4
2007/4/26	684.8	686.4	671.1	674.3	4
2007/4/27	674.2	681.2	670.8	680.8	4
2007/4/29	680.6	681.3	679.4	679.5	4
2007/4/30	679.5	680.7	675.6	678.4	4
2007/5/1	678.5	678.7	671.8	674.2	4
2007/5/2	673.9	674.6	667.3	672.4	4
2007/5/3	672.4	681.9	671.8	681.6	4
2007/5/4	681.6	689.9	679.9	687.8	4
2007/5/6	688	688.5	687.7	687.9	4
2007/5/7	687.8	690.5	686.3	688.1	4
2007/5/8	688	688.4	681.8	685	4
2007/5/9	685.2	686.2	675.5	680.6	4
2007/5/10	680.4	680.4	664.2	664.7	4
2007/5/11	664.5	672.4	664.4	670.9	4
2007/5/13	671	671.9	669.5	671.8	4
2007/5/14	671.9	674.7	666.3	669	4
2007/5/15	669	673.1	664.8	671.9	4
2007/5/16	672	673.1	659.5	661.9	4
2007/5/17	662.1	664.2	653.7	657.4	4
2007/5/18	657.5	662.6	655.6	660.8	4
2007/5/20	661.4	663.6	661.3	661.6	4
2007/5/21	661.6	663.3	656.8	662.6	4
2007/5/22	662.6	664.9	658	658.5	4
2007/5/23	658.5	664.2	657.2	661.7	4
2007/5/24	661.8	662.3	651.7	653.7	4
2007/5/25	653.8	656.5	653.2	655.4	4
2007/5/27	655.4	655.6	655.2	655.6	4
2007/5/28	655.6	656.1	654.7	655.2	4
2007/5/29	655.3	662.2	654.5	656.9	4
2007/5/30	657	658.4	651.8	654.4	4
2007/5/31	654.4	661.5	654.3	660.5	4
2007/6/1	660.4	671.3	660.4	670.4	4
2007/6/3	670.9	671.2	670.6	670.9	4
2007/6/4	670.8	673.5	668.3	671.3	4
2007/6/5	671.1	673.1	668.8	670.5	4
2007/6/6	670.4	671.7	665	669.7	4
2007/6/7	669.8	672.6	657.9	659.2	4
2007/6/8	659.2	661.1	644	648.8	4
2007/6/10	648.9	649.8	648.5	649.7	4
2007/6/11	649.6	654.6	649.5	653.1	4
2007/6/12	653	654.3	645.5	647.2	4
2007/6/13	647.2	652	642.8	650.8	4
2007/6/14	650.9	653.7	645.8	652.6	4
2007/6/15	652.6	655.4	649.8	654.6	4
2007/6/17	655.2	656.5	654.6	656.2	4
2007/6/18	656.1	658.8	654.4	656.5	4
2007/6/19	656.6	661.6	653.6	661.1	4
2007/6/20	660.8	661.2	652.3	654.3	4
2007/6/21	654.1	656.2	647.6	651.2	4
2007/6/22	651.1	655.9	650.5	653.4	4
2007/6/24	653.8	654.1	652.2	652.2	4
2007/6/25	652.1	653.7	648.6	651	4
2007/6/26	650.9	651.5	639.4	641.3	4
2007/6/27	641.7	644.4	640.1	642.9	4
2007/6/28	642.9	649.4	642.9	648.1	4
2007/6/29	648.1	652.1	646.2	648.9	4
2007/7/1	649.5	651	649.4	650.3	4
2007/7/2	650.3	658.2	648.5	655.8	4
2007/7/3	655.9	657.7	651.8	653.4	4
2007/7/4	653.3	654.6	653	653.9	4
2007/7/5	653.8	656.2	645.6	648.8	4
2007/7/6	648.8	655.1	644.9	655.1	4
2007/7/8	655.5	656.2	654.9	654.9	4
2007/7/9	655	662.4	653.6	659.6	4
2007/7/10	659.5	664.5	658.4	663.4	4
2007/7/11	663.3	665.6	659.6	660.9	4
2007/7/12	661	668.9	660.7	666.2	4
2007/7/13	666.1	668.2	663.1	666.6	4
2007/7/15	667	667	666.1	666.7	4
2007/7/16	666.7	668.4	663.3	665	4
2007/7/17	665.2	666.8	662.4	664.6	4
2007/7/18	664.5	673.7	664.5	673	4
2007/7/19	672.9	677.5	671.2	676.5	4
2007/7/20	676.4	685.9	675	682.8	4
2007/7/22	683.4	684.2	682.3	682.3	4
2007/7/23	682.4	684.6	680	681.9	4
2007/7/24	681.8	687.1	680.4	680.9	4
2007/7/25	680.9	681.4	670.5	675.5	4
2007/7/26	675.4	676.3	657.6	662.1	4
2007/7/27	662.3	666.6	656.5	660.8	4
2007/7/29	660.8	661.6	660.1	661	4
2007/7/30	660.8	665.4	659.6	664.8	4
2007/7/31	664.9	668.4	662.8	663.6	4
2007/8/1	663.6	667.2	658.9	665	4
2007/8/2	665.1	666.5	662.4	665	4
2007/8/3	665	675	664.8	673.7	4
2007/8/5	672.6	675.2	672.2	672.6	4
2007/8/6	672.5	674.6	668.8	671.4	4
2007/8/7	671.4	672.2	665.9	671	4
2007/8/8	671.2	676.4	669.4	673.4	4
2007/8/9	673.3	674	659.1	661.6	4
2007/8/10	661.7	675.9	657.8	672.5	4
2007/8/12	671.9	672.2	670.4	670.5	4
2007/8/13	670.3	671.7	668.2	668.6	4
2007/8/14	668.6	670.9	665.5	669.4	4
2007/8/15	669.4	670.4	661.9	667.4	4
2007/8/16	667.5	667.6	641.8	648.8	4
2007/8/17	648.7	663.6	645.4	656.9	4
2007/8/19	656.9	656.9	653.6	653.8	4
2007/8/20	653.7	660.1	653	657.2	4
2007/8/21	657.1	659.5	654.3	657.1	4
2007/8/22	657.2	661.4	654.4	660.2	4
2007/8/23	660.1	664.6	658.3	659.2	4
2007/8/24	659.2	668.5	657.1	668.3	4
2007/8/26	668.1	668.1	667	667.1	4
2007/8/27	667.1	668	665.3	665.8	4
2007/8/28	665.8	667.9	661.6	662.1	4
2007/8/29	661.9	668.5	661	666.3	4
2007/8/30	666.3	667.5	663.3	665.4	4
2007/8/31	665.4	674.4	664.4	672.4	4
2007/9/2	672.4	673.1	672.3	672.3	4
2007/9/3	672.3	673.2	671.2	671.7	4
2007/9/4	671.6	682.9	671.2	680.6	4
2007/9/5	680.7	682.5	678.1	681.4	4
2007/9/6	681.5	697.2	680.8	694.6	4
2007/9/7	694.4	706.4	691.8	699.8	4
2007/9/9	700.5	701.1	699.1	700.3	4
2007/9/10	700.3	706.5	698.9	702.9	4
2007/9/11	702.8	713.8	702.2	710.5	4
2007/9/12	710.4	713.9	705.5	711.1	4
2007/9/13	711.2	711.9	703.2	705.9	4
2007/9/14	705.9	716.9	703.7	707.2	4
2007/9/16	707	707.8	705.9	707.6	4
2007/9/17	707.9	719.7	707.6	715.5	4
2007/9/18	715.4	726.7	711.6	723.9	4
2007/9/19	723.6	725.4	719.7	721.5	4
2007/9/20	721.6	738.1	721.5	733.5	4
2007/9/21	733.6	739.1	726.5	730.7	4
2007/9/23	730.7	731	728.9	730.8	4
2007/9/24	730.9	735.9	725.9	730.6	4
2007/9/25	730.3	733.2	722.2	731.1	4
2007/9/26	731.1	736.3	726.3	727.6	4
2007/9/27	727.7	735.6	727	734.2	4
2007/9/28	734.1	745.4	733.9	742.6	4
2007/9/30	743.5	744.4	742.5	742.8	4
2007/10/1	742.9	747.4	740.9	746.7	4
2007/10/2	746.7	746.7	724.3	732.4	4
2007/10/3	732.5	735.8	726.1	728.1	4
2007/10/4	727.9	738	720.6	735.6	4
2007/10/5	735.5	743.9	727	741.5	4
2007/10/7	742.1	742.1	740.3	741.3	4
2007/10/8	741.6	742	731	731.1	4
2007/10/9	731.4	740.2	726.8	737.3	4
2007/10/10	737.2	745.5	737.1	740.7	4
2007/10/11	740.9	753.3	740.9	748.5	4
2007/10/12	748.6	752	744.6	749	4
2007/10/14	749.6	749.6	747.3	748.1	4
2007/10/15	748.1	759.8	748	757.4	4
2007/10/16	757.4	766.7	753.9	760.8	4
2007/10/17	760.9	764.4	751.4	755.6	4
2007/10/18	755.8	770.7	755.6	769.4	4
2007/10/19	769.5	769.9	758.1	765.7	4
2007/10/21	765.8	768	765.8	767.3	4
2007/10/22	767.4	767.8	745.1	753.4	4
2007/10/23	753.3	760.5	753.1	758.1	4
2007/10/24	758.3	764.1	753.7	762.7	4
2007/10/25	762.6	769.5	761.6	769.5	4
2007/10/26	769.5	785.4	769.5	784.6	4
2007/10/28	787.6	789.5	786.6	789	4
2007/10/29	789	794.2	785	790.6	4
2007/10/30	790.7	790.7	777.6	777.7	4
2007/10/31	777.8	798.4	776.6	797.6	4
2007/11/1	797.4	799	783.8	789.9	4
2007/11/2	790	807.7	787.8	806.4	4
2007/11/4	806.9	807.5	805.8	805.9	4
2007/11/5	805.6	811.1	800.7	807	4
2007/11/6	807	824.6	805.9	824	4
2007/11/7	824.2	845.3	822.1	824.9	4
2007/11/8	825	845.2	823.7	835.5	4
2007/11/9	835.3	838.3	826.5	830.7	4
2007/11/11	830.7	830.7	827	828.4	4
2007/11/12	828.6	830.7	790.2	791	4
2007/11/13	791	808.6	790.5	803	4
2007/11/14	802.9	815.6	800.4	811.8	4
2007/11/15	811.9	817.9	782.7	785.5	4
2007/11/16	785.2	797	783.7	786.1	4
2007/11/18	786.3	790.6	786.3	789.7	4
2007/11/19	789.6	793.8	774.9	778.6	4
2007/11/20	778.7	805.5	772.6	801.2	4
2007/11/21	801.3	806.8	794.3	799.7	4
2007/11/22	799.8	805	799.3	802.9	4
2007/11/23	802.9	825.2	802.7	823	4
2007/11/25	823.6	827.2	822.7	825.9	4
2007/11/26	825.4	836.4	820.8	822.1	4
2007/11/27	822.2	828.8	807.7	814.1	4
2007/11/28	815	815.1	791.3	804.9	4
2007/11/29	804.8	807.6	791.5	793.7	4
2007/11/30	793.8	798.8	778.8	781.6	4
2007/12/2	783.2	786.1	782.8	785.7	4
2007/12/3	785.6	794.3	776.8	792.3	4
2007/12/4	792.2	804.9	786.4	802.1	4
2007/12/5	802.1	806.4	791	793.9	4
2007/12/6	793.8	805.1	784.8	803	4
2007/12/7	802.9	804.7	791	795.4	4
2007/12/9	794.6	795.9	794.6	795.2	4
2007/12/10	795.3	811.6	794.1	807.4	4
2007/12/11	807.3	813.1	795.7	800.7	4
2007/12/12	800.5	816.6	800.4	811.4	4
2007/12/13	811.1	811.9	792.1	798.6	4
2007/12/14	798.8	803.1	787.8	794	4
2007/12/16	794.2	795.4	792.7	794.8	4
2007/12/17	794.7	798.5	785	795.9	4
2007/12/18	795.8	805.9	790	800.2	4
2007/12/19	800.4	804.3	797.5	802	4
2007/12/20	801.9	802.7	793.1	796.6	4
2007/12/21	796.7	811.9	796.5	809.6	4
2007/12/23	811	811.3	810.6	810.6	4
2007/12/24	810.3	815.1	808	811.7	4
2007/12/25	812	812	808	809.7	4
2007/12/26	809.8	825.7	807.6	823.7	4
2007/12/27	823.7	830.9	821.2	825.1	4
2007/12/28	825.1	839.6	824.4	838.7	4
2008/1/1	833.3	833.3	833.3	833.3	4
2008/1/2	833.3	860.8	833.3	856.7	4
2008/1/3	856.7	868.7	853	863.5	4
2008/1/4	863.9	868.7	854.1	860.4	4
2008/1/6	859.5	862.1	859.5	861.8	4
2008/1/7	861.8	864.4	855	856.9	4
2008/1/8	857	882.8	857	880.8	4
2008/1/9	882.5	890.9	871.7	878.9	4
2008/1/10	879	897.2	866.1	895.8	4
2008/1/11	895.9	897.6	887.2	895.6	4
2008/1/13	894.9	898.2	894.9	897	4
2008/1/14	896.8	913.8	891.8	905.2	4
2008/1/15	905	913.7	887.2	891.5	4
2008/1/16	891.7	899.3	874.6	877	4
2008/1/17	876.9	889.4	875.6	879.8	4
2008/1/18	879.8	888	869.8	884.3	4
2008/1/20	882.8	883	880.9	881.2	4
2008/1/21	881.1	882.6	860.7	861.1	4
2008/1/22	860.9	893.2	849.2	889.5	4
2008/1/23	889.1	895.7	876.7	892.5	4
2008/1/24	892.4	913.4	888.9	913.3	4
2008/1/25	913.4	923.2	905.9	913.3	4
2008/1/27	911.2	914.8	911.1	914.4	4
2008/1/28	914.8	929.1	914.2	926.9	4
2008/1/29	926.8	932.6	920	923.6	4
2008/1/30	923.5	936.3	915.9	925.6	4
2008/1/31	925.6	928.1	918.2	924	4
2008/2/1	924.1	936.5	903.3	904.2	4
2008/2/3	905.8	907.9	904	907.8	4
2008/2/4	908.2	912.3	891.9	904.6	4
2008/2/5	904.7	906.6	884.3	886.8	4
2008/2/6	886.7	906.9	885.9	899	4
2008/2/7	898.9	911.2	895.9	909.2	4
2008/2/8	909.3	920.3	907.3	920.2	4
2008/2/10	921.8	922.2	919.5	921.8	4
2008/2/11	922.3	926.8	915.7	921.3	4
2008/2/12	921.4	924.3	902.9	906.9	4
2008/2/13	907	910.3	896.2	906.9	4
2008/2/14	907.1	913.5	901.6	908.4	4
2008/2/15	908.3	915.1	897.7	902.1	4
2008/2/17	902.2	903.2	901.5	902.9	4
2008/2/18	902.9	907.2	899.9	905.9	4
2008/2/19	905.9	930	905.6	928.8	4
2008/2/20	928.7	945.3	913.1	941.7	4
2008/2/21	941.4	953.4	937.7	943.7	4
2008/2/22	943.8	949.5	935.5	945	4
2008/2/24	944.7	946.6	944.7	946.6	4
2008/2/25	946.8	951.7	932.8	938	4
2008/2/26	937.9	951.1	926.3	950.5	4
2008/2/27	950.2	964.5	948.9	957.6	4
2008/2/28	957.5	972	952.9	969.2	4
2008/2/29	969.2	975.9	964.2	972.9	4
2008/3/2	973.2	977	973	975.9	4
2008/3/3	976	989.1	975.1	985.5	4
2008/3/4	986	987.7	956.2	966.4	4
2008/3/5	966.5	992.4	959.1	987.9	4
2008/3/6	987.8	991.8	964.8	977.8	4
2008/3/7	977.6	988.3	969.4	972.3	4
2008/3/9	976.3	976.6	974.1	974.9	4
2008/3/10	974.4	980.4	960.8	972.1	4
2008/3/11	972.8	985.2	964.7	972.2	4
2008/3/12	972.1	983.7	967.9	982.6	4
2008/3/13	982.5	999.4	981.3	994.9	4
2008/3/14	995	1006.9	990.4	1002.3	4
2008/3/16	1004	1015	1004	1014.7	4
2008/3/17	1014.7	1032.3	993.8	1002.6	4
2008/3/18	1002.7	1011.8	976.2	985.7	4
2008/3/19	985.6	996.9	937.2	939	4
2008/3/20	938.7	939	904.6	910.3	4
2008/3/21	910.2	919.8	909.7	917.6	4
2008/3/23	913.1	915.5	912.6	912.8	4
2008/3/24	912.9	926.6	906.2	917.7	4
2008/3/25	917.6	940.5	916	937.4	4
2008/3/26	937.5	954.6	934.3	953.4	4
2008/3/27	952.7	954.5	940.1	950.1	4
2008/3/28	950.4	950.5	922.9	931	4
2008/3/30	930.1	931.5	926.6	927.1	4
2008/3/31	927.1	940.5	912.2	918.3	4
2008/4/1	918.3	920.5	872.1	885.6	4
2008/4/2	886.3	905.8	881.1	903.3	4
2008/4/3	903.3	908.5	888	904.7	4
2008/4/4	904.8	914.3	899.1	913.4	4
2008/4/6	912.5	916.8	912.5	916.7	4
2008/4/7	916.7	929.1	910.4	921.1	4
2008/4/8	921.2	925.4	908	915.6	4
2008/4/9	915.7	935.2	902.8	932.1	4
2008/4/10	931.9	939.3	921.8	927.8	4
2008/4/11	928.5	931.7	917.4	924.9	4
2008/4/13	925	925	914.7	915	4
2008/4/14	915	931.4	914	925.1	4
2008/4/15	925.2	936	924.6	928.1	4
2008/4/16	928.2	948.7	924.2	943.2	4
2008/4/17	943.1	952.5	937	940.7	4
2008/4/18	940.6	946.2	904.4	917.8	4
2008/4/20	915.9	920.2	915.9	919.4	4
2008/4/21	919	928.4	910.9	915.5	4
2008/4/22	915.6	925.1	911.5	917.6	4
2008/4/23	917.4	922.4	896.9	902.7	4
2008/4/24	902	906.4	883	886.8	4
2008/4/25	886.7	896.1	877.6	884	4
2008/4/27	886.5	890.7	886.5	888.5	4
2008/4/28	888.6	895.5	887	892.3	4
2008/4/29	892.2	892.4	868.5	873	4
2008/4/30	873	878.3	862.2	874.7	4
2008/5/1	874.8	881.4	847.3	853.8	4
2008/5/2	854	858.9	845.1	856.7	4
2008/5/4	855.2	861.8	855.2	861.8	4
2008/5/5	861.8	874.1	861	871.9	4
2008/5/6	872	882.5	871.8	878.8	4
2008/5/7	878.6	880.9	863.5	865.8	4
2008/5/8	865.8	885.2	865.1	883.3	4
2008/5/9	883.2	889.3	870.3	885.2	4
2008/5/11	883.7	888.4	881.8	888.2	4
2008/5/12	888.2	889.5	877.6	885	4
2008/5/13	885.1	885.1	861	866.2	4
2008/5/14	866.3	870.5	859.8	865.1	4
2008/5/15	865	887.3	861.9	882.2	4
2008/5/16	882.1	904.5	879.9	903	4
2008/5/18	902	905.5	902	905.4	4
2008/5/19	905.3	913.5	900.6	903.4	4
2008/5/20	903.5	923.1	902.6	918.9	4
2008/5/21	918.8	934.4	916.2	933	4
2008/5/22	932.5	935	917.2	920.1	4
2008/5/23	919.6	928.6	914.8	924.7	4
2008/5/25	924.9	925.9	923.4	925.8	4
2008/5/26	925.7	928.8	923.3	928.2	4
2008/5/27	928.3	930.5	904	905.7	4
2008/5/28	905.5	909.5	889.2	902.5	4
2008/5/29	902.6	902.8	873.3	878.6	4
2008/5/30	878.7	888.7	870.7	886.6	4
2008/6/1	886.4	888.2	886.4	887.1	4
2008/6/2	887.1	897.1	880.9	892.3	4
2008/6/3	892.4	896.5	875.4	880.8	4
2008/6/4	880.7	886.4	875.8	877.1	4
2008/6/5	877.2	879.7	864.7	879.2	4
2008/6/6	879.1	901.3	877.6	900.9	4
2008/6/8	902.2	904.5	902	904	4
2008/6/9	903.9	908.8	890.8	893	4
2008/6/10	893	894.6	864	868.9	4
2008/6/11	868.8	882.6	867	881.4	4
2008/6/12	881.4	881.9	857.3	869.3	4
2008/6/13	869.3	874	859.3	869.2	4
2008/6/15	870.3	872.2	868.9	871.2	4
2008/6/16	871.4	894.3	866.3	881.6	4
2008/6/17	881.5	888.2	874	881.2	4
2008/6/18	881.4	895.4	880.9	892.4	4
2008/6/19	892.4	908	886.5	896.7	4
2008/6/20	896.5	907.4	895.7	901.2	4
2008/6/22	901.4	904.9	901.4	904.3	4
2008/6/23	904.4	907.1	875.8	885.9	4
2008/6/24	886	893.8	882.6	888.3	4
2008/6/25	888.3	890.3	873.4	885.2	4
2008/6/26	885.1	917.7	884.6	914	4
2008/6/27	913.9	930.5	910.1	926.6	4
2008/6/29	928.6	929.3	926.9	929	4
2008/6/30	929	934.9	918.3	925.6	4
2008/7/1	925.7	945.6	921.7	939	4
2008/7/2	938.5	945.3	931.5	943.1	4
2008/7/3	943	946.2	928.6	931.2	4
2008/7/4	931.1	936	928.9	933.5	4
2008/7/6	933.7	933.7	930.8	931.6	4
2008/7/7	931.4	931.7	914.8	924.1	4
2008/7/8	924	932.8	912.3	916.9	4
2008/7/9	916.9	928.6	915.7	928.4	4
2008/7/10	928.3	947.5	925.3	944.2	4
2008/7/11	943.8	967.4	941.5	963.8	4
2008/7/13	964.8	966.4	961.6	965.6	4
2008/7/14	965.6	974.9	953.5	971.2	4
2008/7/15	971.1	987.7	968.5	974.9	4
2008/7/16	974.5	980.8	957.7	961.1	4
2008/7/17	961	978.5	952.8	958.7	4
2008/7/18	958.6	964.2	949.7	954.6	4
2008/7/20	956.5	958.8	955	957.8	4
2008/7/21	957.9	968.1	957	966.4	4
2008/7/22	966.5	975.9	943.4	947	4
2008/7/23	946.9	948.8	917.5	922	4
2008/7/24	922.2	930.8	916	927.5	4
2008/7/25	927.6	934.8	918.5	929.3	4
2008/7/27	929	930	927.3	928.4	4
2008/7/28	928.3	932.5	922.5	931.7	4
2008/7/29	931.6	932.9	913.9	918.5	4
2008/7/30	918.5	918.8	893.7	909.3	4
2008/7/31	908.8	925.1	907.2	912.8	4
2008/8/1	912.7	916.6	901.5	908.9	4
2008/8/3	909.9	913.7	909.2	909.3	4
2008/8/4	909.4	915.1	893.7	893.8	4
2008/8/5	893.9	894.1	872.4	875.3	4
2008/8/6	875.5	886.1	872.7	881.5	4
2008/8/7	881.3	884.6	867.7	872.8	4
2008/8/8	872.9	873	850.7	857.3	4
2008/8/10	855.5	862.4	855.4	858.6	4
2008/8/11	858.5	865.4	818.3	821.2	4
2008/8/12	821	826.6	801.8	811.8	4
2008/8/13	811.6	829.5	805.1	828.6	4
2008/8/14	828.3	836.3	795.7	796.9	4
2008/8/15	795.5	799.1	773.8	786.6	4
2008/8/17	790	794.6	789.2	790.8	4
2008/8/18	790.8	803.7	789.6	795.5	4
2008/8/19	795.9	818	782.4	817.3	4
2008/8/20	816.9	817.7	800.1	812.2	4
2008/8/21	812.2	838.8	812.1	834.1	4
2008/8/22	834.1	837.7	821	822	4
2008/8/24	824	825	821.1	821.9	4
2008/8/25	821.8	825.7	815.9	819.9	4
2008/8/26	819.9	829.9	806.7	824.5	4
2008/8/27	824.6	834.5	822.6	829.2	4
2008/8/28	829.1	843.7	825.1	832.8	4
2008/8/29	832.9	838.3	829.2	830.1	4
2008/8/31	834.7	836.2	832.9	833.4	4
2008/9/1	833.4	835.1	814.8	817.2	4
2008/9/2	817.5	817.5	790.8	804.2	4
2008/9/3	804	807.5	789.3	803.8	4
2008/9/4	803.6	814.4	790.6	791.2	4
2008/9/5	791.4	818.3	790.5	801.9	4
2008/9/7	803.3	814	803.3	812.2	4
2008/9/8	812.3	817.6	796.8	800.5	4
2008/9/9	801.1	804.4	767.2	768.9	4
2008/9/10	768.6	783.1	749.3	749.7	4
2008/9/11	749.6	757.3	736.2	751.3	4
2008/9/12	751.5	766.2	746	766.1	4
2008/9/14	768.8	780.3	768.8	778.6	4
2008/9/15	778.1	787.5	764.4	780.8	4
2008/9/16	781.4	789.4	771.9	782.5	4
2008/9/17	782.6	869.2	777.1	868.3	4
2008/9/18	868.9	919.4	833	860.6	4
2008/9/19	860.5	876.4	824.5	872.4	4
2008/9/21	872.2	882.2	871.5	874.4	4
2008/9/22	874.8	908.1	862.3	904.5	4
2008/9/23	904.4	909.2	880.2	884.1	4
2008/9/24	884	901.1	875.8	883.3	4
2008/9/25	883.4	894.9	864.6	881.3	4
2008/9/26	881.5	910.8	866.2	878.9	4
2008/9/28	878.2	879	871.1	875.6	4
2008/9/29	875.6	924.4	867.1	907.8	4
2008/9/30	907.9	908.1	857.7	871.6	4
2008/10/1	871.5	892.6	865.3	866.5	4
2008/10/2	866.5	875.8	830.2	833.1	4
2008/10/3	833.1	846.7	819.3	837.6	4
2008/10/5	833.5	834	825.4	826.5	4
2008/10/6	826.7	875.7	826.4	862.5	4
2008/10/7	861.9	890.8	859.2	888.1	4
2008/10/8	888.6	921.1	877.8	908.6	4
2008/10/9	908.3	924.5	880.8	918.3	4
2008/10/10	918.1	930.9	826.8	845.7	4
2008/10/12	850.9	862.5	841.5	853.6	4
2008/10/13	853.9	871.9	822.2	842.2	4
2008/10/14	842.1	853.6	831.7	842.2	4
2008/10/15	842	855.7	832	848.2	4
2008/10/16	848.3	848.4	785.4	801.8	4
2008/10/17	801.8	814.7	772.9	784.6	4
2008/10/19	783.3	789.5	781.8	788.4	4
2008/10/20	788.3	810	785.1	796.3	4
2008/10/21	796.8	803	765.4	771.5	4
2008/10/22	772.1	775.2	720.3	722.2	4
2008/10/23	722	734.9	698	723.5	4
2008/10/24	723.8	747.6	681.7	733.3	4
2008/10/26	735.8	739.7	734.5	739.6	4
2008/10/27	739.5	746.8	706.9	734.2	4
2008/10/28	734.5	755.8	724	755.7	4
2008/10/29	755.9	774.2	736.5	759.7	4
2008/10/30	759.4	776.7	732.9	738.4	4
2008/10/31	738.4	740.8	717.2	723.8	4
2008/11/2	724.8	729.1	724.8	729.1	4
2008/11/3	729.2	738.8	722.1	727.3	4
2008/11/4	727.6	769	721.8	764.5	4
2008/11/5	764.4	765.3	736.5	743.3	4
2008/11/6	743.3	760.2	729.5	732	4
2008/11/7	732	744.5	725.7	736.5	4
2008/11/9	736.9	749.6	736.9	749.2	4
2008/11/10	749.2	767.6	741.2	746.6	4
2008/11/11	747.1	750.1	726.8	731.6	4
2008/11/12	731.5	738.8	709.2	712.3	4
2008/11/13	712	739.5	699.9	733.8	4
2008/11/14	734	754	725.1	744.8	4
2008/11/16	741.4	744.3	738.2	739.5	4
2008/11/17	739.7	749	730.9	738.5	4
2008/11/18	738.4	745.7	731.3	738.4	4
2008/11/19	738.7	761.1	731.8	735.6	4
2008/11/20	736.1	752.1	734.4	744.1	4
2008/11/21	744.3	801.5	742.6	799.7	4
2008/11/23	799.5	806.2	799.5	802.8	4
2008/11/24	802.8	829.2	786.2	817.3	4
2008/11/25	817.1	830.2	802.9	817.7	4
2008/11/26	817.1	822.9	808.6	811	4
2008/11/27	811	817.1	810.8	815.7	4
2008/11/28	815.3	820.2	809.2	817.4	4
2008/11/30	818.2	818.7	815.4	816.3	4
2008/12/1	816.1	816.1	762.9	770.5	4
2008/12/2	770.5	786.3	761.8	776.9	4
2008/12/3	777.2	782.8	764.1	775.4	4
2008/12/4	775.4	786.2	762.6	767.7	4
2008/12/5	767.5	772.5	741.2	757.3	4
2008/12/7	754.6	759.4	754.6	759	4
2008/12/8	758.8	781.9	758.5	773.1	4
2008/12/9	773.2	780	762.4	774.8	4
2008/12/10	775	812.8	774.8	804.5	4
2008/12/11	804.4	834.3	802	820.6	4
2008/12/12	820.6	828.6	807.6	820.5	4
2008/12/14	823.6	828.1	823.6	827.1	4
2008/12/15	827.1	842.3	821.3	835.9	4
2008/12/16	836.2	859.5	830.1	853.6	4
2008/12/17	853.7	881.5	846.3	864.3	4
2008/12/18	864.2	878.1	848.5	850.3	4
2008/12/19	850.8	853.2	829.6	837.9	4
2008/12/21	838	839.6	836.5	839.6	4
2008/12/22	839.7	851.5	839.5	845.8	4
2008/12/23	845.5	847.5	829.3	837.5	4
2008/12/24	837.3	848.5	834.6	847.5	4
2008/12/26	844.6	871.8	842.5	869.3	4
2008/12/28	869.5	880.8	869.5	877.7	4
2008/12/29	877.3	890.3	873.3	879.8	4
2008/12/30	880.3	881.1	863.9	874.2	4
2008/12/31	873.8	878.2	856.3	874.4	4
2009/1/1	879.9	887.6	879.9	886.4	4
2009/1/2	886.5	886.5	867.3	876	4
2009/1/4	874.7	884.7	874.7	883.5	4
2009/1/5	883.7	884.2	845	856.4	4
2009/1/6	856.4	869.9	839.1	861.1	4
2009/1/7	861	866.5	836.1	837.4	4
2009/1/8	837.6	864	836.9	855.8	4
2009/1/9	856.1	868	844.4	852.2	4
2009/1/11	855	856.5	850.9	851.3	4
2009/1/12	851.6	853.7	815.2	822.4	4
2009/1/13	822.8	830.2	813.7	821.1	4
2009/1/14	821.3	828.9	806.9	813.4	4
2009/1/15	813.1	820.7	801.9	817.1	4
2009/1/16	817.2	843	815.6	841.8	4
2009/1/18	843.5	845.9	841.2	841.6	4
2009/1/19	841.8	842.6	831.9	833.4	4
2009/1/20	833.9	865.8	823.3	854.3	4
2009/1/21	853.9	863.9	843.3	852.4	4
2009/1/22	852.2	862.5	843.5	855.2	4
2009/1/23	855.1	902.8	852.3	899	4
2009/1/25	897.7	900.1	892.5	896.8	4
2009/1/26	896.5	915.7	888.9	904.5	4
2009/1/27	904.3	907.2	892.3	900	4
2009/1/28	900	903	882.2	885.3	4
2009/1/29	885	909.2	874.3	905.6	4
2009/1/30	905.7	929.2	901	927.5	4
2009/2/1	924.7	926.6	921.3	924.9	4
2009/2/2	924.6	925.3	896.7	901.3	4
2009/2/3	901.6	912.3	889.2	898.6	4
2009/2/4	898.5	908.8	895.2	905.3	4
2009/2/5	905.2	923.9	901.8	909.2	4
2009/2/6	909.3	919.6	903.9	910.5	4
2009/2/8	911.6	911.6	905	906.3	4
2009/2/9	906.8	907.5	890.5	893.7	4
2009/2/10	893.8	917.6	890.7	915.4	4
2009/2/11	915.5	946.8	910.6	937.7	4
2009/2/12	937.8	952	934.8	943.1	4
2009/2/13	943.1	943.7	932.1	940.5	4
2009/2/15	940.6	942.1	938.5	941.5	4
2009/2/16	941.6	943.9	936	941.2	4
2009/2/17	941.3	973.8	940.2	968.2	4
2009/2/18	968.1	987	960.6	982.6	4
2009/2/19	982.2	986.2	968.1	976.2	4
2009/2/20	976.2	1005.7	970.1	993.6	4
2009/2/22	997.6	997.6	992.2	995.7	4
2009/2/23	995.9	997.7	975.8	988.1	4
2009/2/24	987.8	995	959.4	961.2	4
2009/2/25	961.4	977.6	944.4	951	4
2009/2/26	951.4	956.4	932	944.6	4
2009/2/27	944.4	962.6	927.6	940.7	4
2009/3/1	939.3	948.9	938.8	948	4
2009/3/2	947.8	957.9	921.9	926.7	4
2009/3/3	927	932.4	905	913.2	4
2009/3/4	913.2	922.2	899.8	908.3	4
2009/3/5	908.4	936.2	907.5	930.1	4
2009/3/6	930.1	944.5	930	938.3	4
2009/3/8	936.3	939	935.2	937.6	4
2009/3/9	938.6	941.7	911.3	920.6	4
2009/3/10	920.7	921.7	891.5	896.5	4
2009/3/11	896.4	913	892.2	908.2	4
2009/3/12	908.3	930.1	907.1	924.7	4
2009/3/13	924.6	938	919.6	928.9	4
2009/3/15	925	926.2	924.2	925.7	4
2009/3/16	925.6	929.3	915.3	922.4	4
2009/3/17	922.5	923.7	912.1	914.4	4
2009/3/18	914.5	948.4	883.7	935.8	4
2009/3/19	935.7	961.8	925.5	952.9	4
2009/3/20	952.9	966.5	946.5	951.6	4
2009/3/22	953.8	955.1	952.1	952.3	4
2009/3/23	952.2	956.8	935.8	941.5	4
2009/3/24	941.4	943.8	917	928.9	4
2009/3/25	929.2	940.1	916.6	935.9	4
2009/3/26	935.6	944.9	931.5	934.5	4
2009/3/27	934.5	935.8	919.1	922.8	4
2009/3/29	921.8	924.8	920.1	922.8	4
2009/3/30	922.7	931.4	909	918.9	4
2009/3/31	918.7	924.3	911.8	918.1	4
2009/4/1	918.2	932.2	916.4	926.2	4
2009/4/2	926.1	928.9	894.8	906.8	4
2009/4/3	906.8	908.6	890.5	893	4
2009/4/5	896.5	896.5	889.7	892.1	4
2009/4/6	892.1	893.8	865.1	871.7	4
2009/4/7	871.7	884.6	871.5	883.7	4
2009/4/8	883.3	889.7	878.2	881.3	4
2009/4/9	881.2	886	874.6	878.4	4
2009/4/10	878.4	885.2	877.9	883.8	4
2009/4/12	880.6	885.2	880.6	883.6	4
2009/4/13	883.7	899.5	882.3	894.4	4
2009/4/14	894.5	898	881.9	888.3	4
2009/4/15	888.7	898.6	886.8	891.3	4
2009/4/16	891.1	893.3	871.7	876.2	4
2009/4/17	876.1	876.2	864.9	866.2	4
2009/4/19	869.3	869.7	866.8	869.2	4
2009/4/20	869	887.8	864.6	882.5	4
2009/4/21	882.3	894.8	878.8	882.4	4
2009/4/22	882.2	893.1	881.6	891.7	4
2009/4/23	891.7	908.2	889.6	904.7	4
2009/4/24	905	913.5	904	912.1	4
2009/4/26	913	917.4	913	917.3	4
2009/4/27	917.2	918	905	905.6	4
2009/4/28	905.3	905.3	884.7	890.8	4
2009/4/29	890.6	902.6	887.4	894.4	4
2009/4/30	894.4	899.6	880.6	886.2	4
2009/5/1	886.1	889.4	880.1	885.1	4
2009/5/3	886.5	887.3	884.9	886.9	4
2009/5/4	886.8	906.8	885.2	902.9	4
2009/5/5	902.7	915.4	894.9	897.3	4
2009/5/6	897.2	911.9	895.8	910.4	4
2009/5/7	910.3	924.9	908.8	912.9	4
2009/5/8	913	919.2	905.4	914.9	4
2009/5/10	916.6	917.1	913.8	916.4	4
2009/5/11	917.2	917.3	908.4	912.9	4
2009/5/12	912.9	927.3	911.6	925.4	4
2009/5/13	925.4	930.3	917	924.3	4
2009/5/14	924.4	928.2	920.1	925.9	4
2009/5/15	925.8	933.7	923.6	930.9	4
2009/5/17	930.2	931.8	929.5	931.2	4
2009/5/18	931.3	933.2	915	918.7	4
2009/5/19	918.9	928.8	917.9	925.9	4
2009/5/20	925.7	940.1	924.9	937.1	4
2009/5/21	937	955.7	936	952.6	4
2009/5/22	952.6	961.1	949.8	957.3	4
2009/5/24	956.7	957.6	956.2	957	4
2009/5/25	957.1	959.5	952.5	955.9	4
2009/5/26	956	957.2	940.8	951.9	4
2009/5/27	951.9	959.1	943.8	946.2	4
2009/5/28	946.3	964.5	944.2	959.7	4
2009/5/29	959.9	979.9	958.7	978.8	4
2009/5/31	979.5	979.5	975.5	976	4
2009/6/1	976.2	988.2	972.8	974.9	4
2009/6/2	975.3	986.1	969.1	982.7	4
2009/6/3	982.7	989.5	960.3	964.5	4
2009/6/4	964.7	982.3	960.5	977.7	4
2009/6/5	978.1	983.1	952.4	952.8	4
2009/6/7	955.8	959	952.4	956.4	4
2009/6/8	956.5	959.3	943.2	953.8	4
2009/6/9	953.9	961.4	947.2	955.8	4
2009/6/10	956	964.9	946.9	953.5	4
2009/6/11	953.5	961.6	943.1	955.8	4
2009/6/12	955.7	957.9	936.2	938.6	4
2009/6/14	939.7	939.7	934.8	937	4
2009/6/15	937.5	938.9	925.6	930.5	4
2009/6/16	930.5	939.2	928.9	933	4
2009/6/17	933.1	942.8	927.6	941	4
2009/6/18	940.9	941.1	929.7	933	4
2009/6/19	933	938.7	932.2	934.8	4
2009/6/21	933.5	934.7	933	934.5	4
2009/6/22	934.6	934.7	918	922	4
2009/6/23	921.9	926.6	912.9	924.9	4
2009/6/24	924.9	940.7	922.2	932.4	4
2009/6/25	932.4	939.8	929.7	938.9	4
2009/6/26	938.9	948	936.1	940	4
2009/6/28	938.5	940.1	933.8	937.9	4
2009/6/29	937.8	942.4	934.1	938.6	4
2009/6/30	938.7	944.5	923.6	928.8	4
2009/7/1	929	945.8	927.4	940.8	4
2009/7/2	940.7	940.9	926.3	930.9	4
2009/7/3	930.9	933.8	929.8	932.2	4
2009/7/5	931.8	932.1	929.3	930.1	4
2009/7/6	929.9	931	920.3	925.2	4
2009/7/7	925.6	931.3	920.9	922.9	4
2009/7/8	922.9	925.2	904.7	907.8	4
2009/7/9	907.7	918.1	906.1	913.4	4
2009/7/10	913.3	915	906.8	912.2	4
2009/7/12	912.1	914.2	910.9	913.8	4
2009/7/13	913.9	922.9	907.6	918.8	4
2009/7/14	918.7	927.2	917.6	924.4	4
2009/7/15	924.5	941.5	924.3	939	4
2009/7/16	938.9	939.3	932.5	936.1	4
2009/7/17	936.2	939.5	931.7	935.4	4
2009/7/19	937.8	938.8	937	938.4	4
2009/7/20	938.3	954.8	938.1	948.6	4
2009/7/21	948.7	953.3	944.2	948.1	4
2009/7/22	948.3	954.2	944.4	950.3	4
2009/7/23	950.4	957	946.4	949	4
2009/7/24	949	953.8	946.8	951.3	4
2009/7/26	950.9	952.3	949.3	950.3	4
2009/7/27	950.5	958.4	947.5	953.7	4
2009/7/28	953.8	956.3	933.9	938.7	4
2009/7/29	938.7	940.5	925.4	928.6	4
2009/7/30	928.6	936.7	928.3	933.6	4
2009/7/31	933.7	956.1	932.2	951.1	4
2009/8/2	954.4	956.5	951.7	956.4	4
2009/8/3	956.3	962	951.7	955.6	4
2009/8/4	955.5	969.8	950.8	965.3	4
2009/8/5	965.2	967.7	958.6	963.2	4
2009/8/6	963.1	971.2	955.9	963	4
2009/8/7	962.7	964.7	953.2	954.4	4
2009/8/9	954.4	955	953.6	954	4
2009/8/10	953.9	956.4	942.5	945	4
2009/8/11	944.1	949.4	941.8	946.3	4
2009/8/12	946.5	951.9	939.8	949.2	4
2009/8/13	949	960	948.7	957.1	4
2009/8/14	957	958.9	942.3	947.8	4
2009/8/16	946.9	947.7	946.2	947.1	4
2009/8/17	947.5	947.9	930.1	936	4
2009/8/18	936	940.8	934.1	940.8	4
2009/8/19	940.9	945	931.9	944.5	4
2009/8/20	944.7	945.4	937.2	940.6	4
2009/8/21	940.2	957.2	937.6	953.2	4
2009/8/23	952.8	954.6	951.8	952	4
2009/8/24	952	956.5	939.3	943.1	4
2009/8/25	943.2	954	942.4	944.5	4
2009/8/26	944.6	949.6	939.8	944.8	4
2009/8/27	944.9	950.4	941.3	950	4
2009/8/28	949.9	959.8	948.3	955.8	4
2009/8/30	955.5	959.4	954.4	959.4	4
2009/8/31	959.5	960.2	944.4	951.6	4
2009/9/1	951.7	956.9	946.1	954.1	4
2009/9/2	954	980	951.3	976.2	4
2009/9/3	976.1	996.9	974	991.4	4
2009/9/4	991.3	996	985.1	994	4
2009/9/6	991.7	994.5	991.7	993.1	4
2009/9/7	993	996.1	990.6	995.6	4
2009/9/8	995.5	1007.3	992.2	1000.5	4
2009/9/9	1000.4	1002.9	987.1	993	4
2009/9/10	993.4	998	982.6	996.2	4
2009/9/11	996.2	1011.3	994.3	1005.8	4
2009/9/13	1005.6	1008.3	1004.3	1007.8	4
2009/9/14	1008	1008.6	993.1	999.8	4
2009/9/15	999.7	1009.2	992	1006.3	4
2009/9/16	1006.2	1020.3	1005.8	1016.1	4
2009/9/17	1016	1023.7	1010.1	1013.1	4
2009/9/18	1013.4	1017.4	1005.8	1006.3	4
2009/9/20	1005.6	1005.6	1003	1004.1	4
2009/9/21	1004	1006.5	995.7	1004.3	4
2009/9/22	1004.5	1019.2	1004.2	1016.8	4
2009/9/23	1016.8	1017.7	1005.9	1008.9	4
2009/9/24	1009	1018.3	990.6	994.3	4
2009/9/25	995	998.8	984.9	989	4
2009/9/27	991.4	994.2	991.3	993.6	4
2009/9/28	994.1	996.2	985.7	991.4	4
2009/9/29	991.3	995.5	985	993	4
2009/9/30	992.9	1009.4	991.3	1007.9	4
2009/10/1	1007.6	1009.3	997.5	1000.4	4
2009/10/2	1000	1006.9	986.6	1001.7	4
2009/10/4	1002.2	1003.9	1000.5	1002.1	4
2009/10/5	1002.2	1017.2	1000.9	1015.8	4
2009/10/6	1015.8	1043.1	1015.1	1039	4
2009/10/7	1038.8	1048.1	1036.2	1045.3	4
2009/10/8	1045.5	1060.9	1042.6	1050	4
2009/10/9	1049.7	1051.9	1043.5	1047.9	4
2009/10/11	1048.6	1052.6	1048.2	1051.7	4
2009/10/12	1051.6	1058.5	1047	1054.5	4
2009/10/13	1054.4	1068.4	1050.7	1062.3	4
2009/10/14	1062.3	1070.4	1055.9	1064	4
2009/10/15	1064	1065.4	1046.1	1051.6	4
2009/10/16	1051.8	1056.4	1042.8	1051.9	4
2009/10/18	1052.6	1055.2	1051	1053.4	4
2009/10/19	1053.6	1065.3	1047.7	1062.2	4
2009/10/20	1062.2	1067.4	1051.7	1055.7	4
2009/10/21	1055.3	1064.4	1047.8	1057.9	4
2009/10/22	1058.4	1061.6	1051.2	1060.7	4
2009/10/23	1060.6	1066.9	1050.1	1054.4	4
2009/10/25	1053.5	1056.4	1052.5	1053.1	4
2009/10/26	1053.1	1059.4	1036.7	1039.2	4
2009/10/27	1039.2	1043.2	1032.4	1040.1	4
2009/10/28	1040.2	1041.5	1026.4	1029.5	4
2009/10/29	1029.6	1047.4	1028.4	1046.3	4
2009/10/30	1046.3	1048.6	1034.9	1044.9	4
2009/11/1	1042.5	1042.7	1041.4	1042.2	4
2009/11/2	1042.4	1062.3	1042.4	1061.6	4
2009/11/3	1061.9	1087.5	1055.1	1082.9	4
2009/11/4	1082.4	1097.3	1079.7	1092.2	4
2009/11/5	1092.1	1093.7	1083.7	1090.1	4
2009/11/6	1089.9	1100.5	1087.5	1095.3	4
2009/11/8	1097.8	1099	1095.8	1096.8	4
2009/11/9	1097.1	1110.6	1095.3	1104	4
2009/11/10	1104.1	1108.7	1096.7	1106.3	4
2009/11/11	1105.9	1118.2	1105.4	1116.1	4
2009/11/12	1115.9	1122.6	1102.3	1105.1	4
2009/11/13	1104.8	1118.8	1100.9	1118.6	4
2009/11/15	1118.5	1125.3	1118.5	1124.4	4
2009/11/16	1124.5	1143	1122.7	1137.2	4
2009/11/17	1137.3	1143.7	1127.6	1140.9	4
2009/11/18	1140.5	1152.4	1135.8	1143.3	4
2009/11/19	1142.8	1145.6	1130.1	1143.5	4
2009/11/20	1143.4	1150.6	1132.7	1150	4
2009/11/22	1150.8	1158.1	1150.8	1157.8	4
2009/11/23	1157.6	1173.3	1156.8	1161.7	4
2009/11/24	1161.5	1170.9	1157.5	1168.2	4
2009/11/25	1167.5	1192.6	1166.4	1188.5	4
2009/11/26	1188.3	1194.9	1180.1	1184.6	4
2009/11/27	1185.1	1191.1	1137.6	1177.2	4
2009/11/29	1179.4	1182	1166.8	1173.5	4
2009/11/30	1171.1	1181.3	1163.7	1179.3	4
2009/12/1	1179.4	1201.2	1175.2	1195.7	4
2009/12/2	1195.9	1219.6	1195.9	1219.5	4
2009/12/3	1219.2	1226.1	1204.1	1207	4
2009/12/4	1206.1	1212	1147.8	1159	4
2009/12/6	1159.6	1160.9	1152.1	1157.2	4
2009/12/7	1157.4	1164.5	1135.5	1158.5	4
2009/12/8	1158.5	1168.3	1124.4	1130	4
2009/12/9	1129.6	1146.5	1116.3	1133.1	4
2009/12/10	1133.3	1136.4	1120.8	1132.1	4
2009/12/11	1132.4	1141.8	1109.1	1113.9	4
2009/12/13	1113.6	1117.2	1110.5	1112.4	4
2009/12/14	1112.9	1127.6	1112.8	1127	4
2009/12/15	1127.4	1128.6	1111.2	1124.6	4
2009/12/16	1124.2	1140.8	1121.1	1139.3	4
2009/12/17	1139.3	1141.4	1094.4	1102.4	4
2009/12/18	1102.6	1116.4	1096.7	1111.5	4
2009/12/20	1111.7	1119.4	1109.7	1115.2	4
2009/12/21	1114.7	1117.9	1089.8	1095.7	4
2009/12/22	1095.9	1097.1	1074.4	1084.6	4
2009/12/23	1085	1095.4	1079.2	1090.8	4
2009/12/24	1090.9	1105.5	1090.2	1104.9	4
2009/12/27	1106	1109.5	1105.2	1107.6	4
2009/12/28	1107.4	1113.4	1101.3	1105.5	4
2009/12/29	1105.4	1108	1090.8	1091.9	4
2009/12/30	1092.2	1096	1085.8	1092.8	4
2009/12/31	1093.1	1106.5	1093.1	1097.8	4
2010/1/3	1096.9	1100.2	1096.1	1096.2	4
2010/1/4	1096.2	1123.4	1093	1120.9	4
2010/1/5	1120.6	1127.8	1114.9	1117.8	4
2010/1/6	1118	1140	1117	1136.2	4
2010/1/7	1136.2	1138.3	1127.1	1127.3	4
2010/1/8	1127.2	1138.6	1119.4	1135.8	4
2010/1/10	1137.8	1157.8	1137.8	1155.4	4
2010/1/11	1154.5	1161.5	1148.2	1150.1	4
2010/1/12	1149.1	1157.8	1124.9	1129.6	4
2010/1/13	1129.6	1139.3	1118.9	1137.4	4
2010/1/14	1137.9	1145.9	1130.7	1142.6	4
2010/1/15	1142.6	1145.4	1126.5	1131.3	4
2010/1/17	1131.2	1133.1	1127.2	1132.1	4
2010/1/18	1132.2	1136.9	1129.1	1135.6	4
2010/1/19	1135.5	1140.3	1128.6	1138.2	4
2010/1/20	1138.2	1141.2	1106.9	1115	4
2010/1/21	1115	1117.2	1088.3	1095.3	4
2010/1/22	1094.3	1098.3	1082.1	1093.4	4
2010/1/24	1092.1	1097.7	1092.1	1095.7	4
2010/1/25	1095.7	1103.8	1092.6	1099.5	4
2010/1/26	1099.7	1103.1	1085.3	1099.5	4
2010/1/27	1099.4	1102.1	1083.3	1089.3	4
2010/1/28	1089.3	1095.8	1074	1086.1	4
2010/1/29	1085.9	1089.8	1074.4	1081.6	4
2010/1/31	1080.7	1083.4	1079.8	1083.3	4
2010/2/1	1083.4	1107.3	1076.3	1104.2	4
2010/2/2	1103.8	1117.9	1098.7	1114.6	4
2010/2/3	1114.7	1124.4	1106.8	1109.1	4
2010/2/4	1109	1110.7	1059.4	1064.8	4
2010/2/5	1064.5	1068.4	1044.3	1067.7	4
2010/2/7	1065.3	1070.7	1065	1065.6	4
2010/2/8	1065.8	1073.4	1061.4	1062.6	4
2010/2/9	1062.3	1082.8	1062.3	1077.8	4
2010/2/10	1077.7	1081.9	1063	1073.8	4
2010/2/11	1073.8	1097.5	1072.2	1093.5	4
2010/2/12	1093.3	1093.3	1077.6	1091.9	4
2010/2/14	1092	1096.3	1092	1095.4	4
2010/2/15	1096.1	1101.9	1091.4	1098.8	4
2010/2/16	1099	1120.6	1097.9	1117.9	4
2010/2/17	1117.9	1126.7	1104.7	1105.4	4
2010/2/18	1105.6	1123.7	1097.7	1100.8	4
2010/2/19	1101.5	1126.4	1099.1	1116.5	4
2010/2/21	1120.7	1126.1	1120.7	1125.4	4
2010/2/22	1125.5	1130.6	1109.8	1113.4	4
2010/2/23	1113.6	1120.8	1099	1104.7	4
2010/2/24	1104.9	1107.9	1089.7	1099.6	4
2010/2/25	1099.8	1108.7	1088	1105.1	4
2010/2/26	1105.2	1118.5	1104	1116.6	4
2010/2/28	1117.5	1119.8	1116.4	1117.1	4
2010/3/1	1117	1123.1	1111.7	1117.6	4
2010/3/2	1117.6	1137.2	1114.6	1134.1	4
2010/3/3	1134.1	1144.4	1131.9	1139.7	4
2010/3/4	1139.8	1141.2	1125.6	1132.3	4
2010/3/5	1132.2	1140.2	1127.3	1131.7	4
2010/3/7	1134.3	1136.9	1134.3	1134.8	4
2010/3/8	1134.7	1137.3	1118.3	1122.6	4
2010/3/9	1122.7	1124.1	1108.3	1122.5	4
2010/3/10	1122.3	1127.6	1103.3	1108.5	4
2010/3/11	1108.4	1111.2	1100.2	1109.4	4
2010/3/12	1109.6	1118.9	1098.2	1102.3	4
2010/3/14	1103.3	1104.2	1102.4	1103.6	4
2010/3/15	1104	1110.1	1101	1108.7	4
2010/3/16	1108.8	1128.3	1108	1127.1	4
2010/3/17	1127	1132.9	1118	1122	4
2010/3/18	1122	1128.9	1118	1125.6	4
2010/3/19	1125.5	1126.5	1101.2	1106.5	4
2010/3/21	1103.6	1105.1	1103.2	1104.3	4
2010/3/22	1104	1108.3	1092.2	1104.3	4
2010/3/23	1104.7	1107.6	1094.1	1102.6	4
2010/3/24	1102.7	1104.8	1084.8	1087.1	4
2010/3/25	1087.1	1095.4	1086.1	1089.9	4
2010/3/26	1089.7	1109.2	1088.9	1106.6	4
2010/3/28	1109.8	1113.2	1107.2	1107.3	4
2010/3/29	1107.4	1114.2	1103.2	1109.3	4
2010/3/30	1109.1	1113	1101.3	1102.7	4
2010/3/31	1102.6	1117.7	1102.5	1112.6	4
2010/4/1	1112.2	1127.6	1111.2	1126.2	4
2010/4/2	1126.1	1126.4	1118.6	1125.3	4
2010/4/4	1125	1126	1120.7	1122.7	4
2010/4/5	1122.8	1132.9	1122.6	1130.4	4
2010/4/6	1130.3	1138.3	1122.5	1133.7	4
2010/4/7	1133.8	1152.8	1132.2	1148.1	4
2010/4/8	1147.9	1153.3	1143.3	1149.3	4
2010/4/9	1149.2	1164.1	1149.2	1160.2	4
2010/4/11	1162.9	1169.4	1162.9	1166.7	4
2010/4/12	1166.5	1167.1	1153.9	1155.3	4
2010/4/13	1155.2	1156.8	1144.7	1151.1	4
2010/4/14	1151	1161.6	1150	1156.7	4
2010/4/15	1156.5	1161.1	1149.9	1158.4	4
2010/4/16	1158.6	1159.3	1129.7	1135.9	4
2010/4/18	1136.9	1137.4	1133.8	1137	4
2010/4/19	1136.9	1137.5	1123.5	1133.8	4
2010/4/20	1134.1	1145.6	1134.1	1140.3	4
2010/4/21	1140.6	1150	1137.4	1146.2	4
2010/4/22	1146	1149	1131.6	1139.6	4
2010/4/23	1139.5	1156.6	1134.6	1155.6	4
2010/4/25	1154.4	1158	1154.1	1154.2	4
2010/4/26	1154.1	1159.6	1150.5	1155.4	4
2010/4/27	1155.1	1172.4	1146	1165.8	4
2010/4/28	1165.8	1174	1160.3	1165.3	4
2010/4/29	1165.7	1170.9	1161.8	1168.8	4
2010/4/30	1168.7	1181.2	1167.6	1178.2	4
2010/5/2	1179.7	1180	1176.2	1177.5	4
2010/5/3	1177.1	1187.3	1176.3	1182.7	4
2010/5/4	1182.8	1191.7	1166.7	1171	4
2010/5/5	1171.1	1177.3	1156.8	1175.2	4
2010/5/6	1175.1	1210.8	1172.2	1203.8	4
2010/5/7	1203.5	1213.2	1192.7	1207.5	4
2010/5/9	1205.4	1205.4	1195.2	1199.8	4
2010/5/10	1199.9	1205.4	1183.7	1202.1	4
2010/5/11	1202.1	1233.9	1200.7	1230.3	4
2010/5/12	1230.1	1248	1226.4	1237.4	4
2010/5/13	1237.6	1242.6	1227	1234.6	4
2010/5/14	1235	1249	1217.4	1230.3	4
2010/5/16	1232.3	1235.2	1230.4	1234.8	4
2010/5/17	1234.8	1242	1218.9	1225.4	4
2010/5/18	1225.4	1228.8	1206.5	1225.7	4
2010/5/19	1227.3	1227.3	1186.8	1195.2	4
2010/5/20	1196.4	1197.6	1174.8	1181.5	4
2010/5/21	1181.5	1187.2	1166	1176.9	4
2010/5/23	1177.2	1182.1	1176.9	1180.8	4
2010/5/24	1180.5	1196.4	1180.5	1192.9	4
2010/5/25	1192.7	1203.8	1185.1	1202.7	4
2010/5/26	1202.9	1216.1	1200.6	1210.6	4
2010/5/27	1210.5	1218	1205.5	1211.6	4
2010/5/28	1211.6	1215	1201.8	1213	4
2010/5/30	1214.2	1214.2	1210.1	1210.8	4
2010/5/31	1210.5	1217.6	1209.7	1216	4
2010/6/1	1216	1228.4	1215.8	1224.6	4
2010/6/2	1224.7	1226.7	1213.5	1223.2	4
2010/6/3	1223.8	1224.2	1201.1	1206.1	4
2010/6/4	1206.2	1219.3	1196.6	1216.5	4
2010/6/6	1219.3	1220.2	1216.4	1217.1	4
2010/6/7	1216.9	1244.2	1210.4	1239.7	4
2010/6/8	1239.3	1251.4	1233.2	1236	4
2010/6/9	1236.3	1240.5	1221.6	1231	4
2010/6/10	1230.9	1233.6	1214.8	1218.8	4
2010/6/11	1218.8	1230.2	1216.2	1227.4	4
2010/6/13	1226.3	1231.4	1226.3	1229.3	4
2010/6/14	1229.3	1233.7	1216.1	1220.8	4
2010/6/15	1220.8	1236.3	1219.5	1232.6	4
2010/6/16	1232.8	1237.4	1226.6	1231.3	4
2010/6/17	1231.6	1250.7	1230.6	1244.6	4
2010/6/18	1244.9	1261.9	1241.4	1255.5	4
2010/6/20	1258.4	1260.6	1257.5	1259.1	4
2010/6/21	1259.2	1264.8	1230.4	1236.7	4
2010/6/22	1237	1242.3	1231.7	1240.5	4
2010/6/23	1240.6	1246	1224.5	1236.7	4
2010/6/24	1237.2	1248	1227.7	1243.3	4
2010/6/25	1243.9	1257.9	1241.2	1253.4	4
2010/6/27	1254.8	1255.4	1253.5	1254.7	4
2010/6/28	1255.1	1262.3	1235.5	1238.9	4
2010/6/29	1239.4	1244.6	1227	1240.7	4
2010/6/30	1240.3	1247	1234.4	1241.1	4
2010/7/1	1241	1243.5	1196.2	1201.1	4
2010/7/2	1201	1212.9	1200.5	1210.1	4
2010/7/4	1212.3	1212.8	1210.4	1212.3	4
2010/7/5	1212.6	1214	1205	1207.2	4
2010/7/6	1208	1213.2	1189.2	1193.9	4
2010/7/7	1193.6	1203.5	1184.7	1202.8	4
2010/7/8	1203.4	1207.5	1187.2	1195.8	4
2010/7/9	1195.7	1213.2	1194.1	1209.3	4
2010/7/11	1210.3	1212.6	1208.7	1211.3	4
2010/7/12	1211	1212	1196.1	1197	4
2010/7/13	1197.2	1217.5	1196.8	1211.1	4
2010/7/14	1211	1217.5	1202.2	1209	4
2010/7/15	1209.1	1216.8	1203.5	1209.3	4
2010/7/16	1209.2	1210.4	1185.8	1192.5	4
2010/7/18	1194.3	1194.3	1190.7	1191.6	4
2010/7/19	1191.7	1194.6	1177.4	1181.1	4
2010/7/20	1181.1	1193.3	1175.3	1191.5	4
2010/7/21	1191.8	1197.6	1183.1	1185.6	4
2010/7/22	1185.5	1200.4	1180.8	1195.6	4
2010/7/23	1195.7	1203.6	1184	1186.9	4
2010/7/25	1188	1190.8	1187.8	1190.1	4
2010/7/26	1190.2	1194.2	1179.5	1183.8	4
2010/7/27	1183.9	1186.8	1157.8	1162.1	4
2010/7/28	1162.4	1165.6	1156.9	1163.9	4
2010/7/29	1163.8	1169	1159.1	1167.2	4
2010/7/30	1166.9	1183	1165.4	1180.2	4
2010/8/1	1181.4	1182.1	1180.2	1181	4
2010/8/2	1181.3	1189.9	1174.2	1182.3	4
2010/8/3	1182.1	1190.2	1179.2	1189.4	4
2010/8/4	1189.4	1202.5	1188.7	1196	4
2010/8/5	1195.5	1199.4	1189.8	1194.5	4
2010/8/6	1194.3	1210.4	1192.1	1204.9	4
2010/8/8	1204.6	1205.7	1204	1205	4
2010/8/9	1205.2	1209.4	1198.7	1200.3	4
2010/8/10	1200.1	1207	1190.4	1202.8	4
2010/8/11	1202.7	1207.5	1192.1	1201.1	4
2010/8/12	1200.8	1214.9	1197.4	1212.7	4
2010/8/13	1212.1	1217.1	1210.5	1214.7	4
2010/8/15	1214.4	1214.9	1213.9	1214.7	4
2010/8/16	1214.9	1226.9	1214.8	1224.6	4
2010/8/17	1224.4	1228.5	1222.2	1224.2	4
2010/8/18	1224.2	1232	1217.3	1229.5	4
2010/8/19	1228.9	1237	1227.5	1231.8	4
2010/8/20	1231.7	1232.3	1221.9	1227	4
2010/8/22	1227.1	1228.6	1226	1226.1	4
2010/8/23	1226.1	1231.2	1221.5	1223.3	4
2010/8/24	1223.1	1235	1209.9	1231.2	4
2010/8/25	1230.6	1240.9	1229	1238.5	4
2010/8/26	1238.4	1243.8	1233.4	1236.5	4
2010/8/27	1236.7	1241.8	1231.7	1237.6	4
2010/8/29	1236.3	1238.3	1235	1237.1	4
2010/8/30	1236.8	1237.9	1233.1	1236.2	4
2010/8/31	1236.1	1249.4	1231.5	1247.1	4
2010/9/1	1247.2	1254.3	1242.5	1245.2	4
2010/9/2	1245.1	1252.7	1244.1	1250.6	4
2010/9/3	1250.5	1253.4	1237.6	1246.7	4
2010/9/5	1247.4	1249.3	1247	1247.6	4
2010/9/6	1247.6	1250.7	1246.5	1249.1	4
2010/9/7	1249.1	1259.3	1244.4	1256.1	4
2010/9/8	1255.9	1262	1253.4	1255.2	4
2010/9/9	1255.1	1258.5	1242.2	1245.5	4
2010/9/10	1245.6	1250.3	1236.4	1245.6	4
2010/9/12	1245.7	1246.4	1242.9	1243	4
2010/9/13	1243.2	1249.7	1240.9	1249.2	4
2010/9/14	1248.7	1274.2	1247.8	1268	4
2010/9/15	1268.1	1271.5	1262.9	1267.4	4
2010/9/16	1267.3	1277.4	1264.4	1273.4	4
2010/9/17	1273.4	1282.4	1271.7	1274	4
2010/9/19	1275.1	1278.9	1274	1276.4	4
2010/9/20	1276.8	1283.2	1274.4	1278.7	4
2010/9/21	1278.5	1290.2	1270.6	1287.1	4
2010/9/22	1287	1295.6	1286.2	1290.9	4
2010/9/23	1290.8	1295.4	1286.6	1294.1	4
2010/9/24	1294.2	1299.4	1291.3	1295.5	4
2010/9/26	1296.4	1297.6	1294.9	1296.3	4
2010/9/27	1296.5	1299.6	1291.4	1291.8	4
2010/9/28	1292	1309.7	1283	1308.8	4
2010/9/29	1308.7	1312.9	1305.4	1308.3	4
2010/9/30	1308.1	1315.4	1295.7	1306.6	4
2010/10/1	1306.5	1320.1	1306.5	1318.7	4
2010/10/3	1318.1	1319.7	1316.8	1317.3	4
2010/10/4	1317.1	1319.4	1312	1314.7	4
2010/10/5	1314.5	1341.2	1312.7	1338.8	4
2010/10/6	1338.9	1349.4	1338.6	1345.7	4
2010/10/7	1344.8	1363.9	1325.5	1333.9	4
2010/10/8	1334	1349.4	1324.7	1346.9	4
2010/10/10	1347.2	1354.7	1347.2	1354.7	4
2010/10/11	1354.5	1354.9	1339.9	1352.3	4
2010/10/12	1352.9	1353.1	1340.3	1351.6	4
2010/10/13	1351.5	1373.8	1350.4	1372.9	4
2010/10/14	1373	1386.8	1370.5	1378.6	4
2010/10/15	1378.5	1384.9	1362.4	1368.2	4
2010/10/17	1369.4	1370.3	1365.1	1365.6	4
2010/10/18	1365.8	1374.6	1352.5	1368.1	4
2010/10/19	1367.8	1370.7	1328	1333.1	4
2010/10/20	1332.8	1348.5	1332.5	1348.5	4
2010/10/21	1348.2	1348.3	1317.6	1325.6	4
2010/10/22	1325.9	1328.2	1314.9	1327.6	4
2010/10/24	1327.6	1335.7	1327.6	1333.3	4
2010/10/25	1333.5	1348.7	1332.8	1340.7	4
2010/10/26	1340.6	1343.2	1327.8	1341.2	4
2010/10/27	1341.1	1343.1	1318.7	1326.8	4
2010/10/28	1327.2	1345.4	1322.6	1342.8	4
2010/10/29	1342.8	1359	1334.9	1357.1	4
2010/10/31	1363.7	1363.8	1361	1362.9	4
2010/11/1	1362.8	1365.1	1348.8	1353.1	4
2010/11/2	1353.6	1359.4	1350.1	1356.2	4
2010/11/3	1356	1364.1	1325.5	1348.2	4
2010/11/4	1348.3	1393.8	1347.4	1388.2	4
2010/11/5	1387.7	1397.7	1373.7	1392.9	4
2010/11/7	1396.4	1396.4	1392.9	1394.3	4
2010/11/8	1394.8	1410.1	1386.6	1405.3	4
2010/11/9	1405.1	1423.9	1382.9	1395.6	4
2010/11/10	1396	1409.7	1383.7	1401.2	4
2010/11/11	1401.2	1417.3	1397	1407.5	4
2010/11/12	1406.7	1407	1359.8	1368.7	4
2010/11/14	1369.8	1370.7	1368.4	1370.4	4
2010/11/15	1370.4	1376.4	1355.7	1357.5	4
2010/11/16	1357.6	1364.2	1329.3	1338.6	4
2010/11/17	1339.1	1344.3	1330.6	1340.7	4
2010/11/18	1340.9	1362.6	1340.4	1361.7	4
2010/11/19	1362.4	1362.8	1341.3	1353.3	4
2010/11/21	1355.8	1359.4	1355.8	1358.7	4
2010/11/22	1358.6	1367.4	1348.1	1363.9	4
2010/11/23	1363.5	1382.1	1356	1373.3	4
2010/11/24	1373	1381	1369	1373.8	4
2010/11/25	1373.7	1374.8	1367.7	1372.3	4
2010/11/26	1372.2	1374	1350.7	1362.8	4
2010/11/28	1363.3	1363.9	1356.7	1357.6	4
2010/11/29	1357.1	1368.9	1352.8	1365.4	4
2010/11/30	1365.3	1389.5	1362.5	1383.8	4
2010/12/1	1383.3	1396.5	1381.5	1387.4	4
2010/12/2	1387.4	1398	1382.6	1386.6	4
2010/12/3	1386.6	1413.6	1385.4	1412.7	4
2010/12/5	1413.8	1415.1	1409.9	1410.9	4
2010/12/6	1410.7	1426.7	1408.7	1421.7	4
2010/12/7	1421.6	1430.6	1396.4	1400.2	4
2010/12/8	1400.3	1403	1371.1	1384	4
2010/12/9	1383.8	1394	1380.4	1387.3	4
2010/12/10	1386.8	1391.7	1372	1385.7	4
2010/12/12	1383.4	1384.2	1380.3	1381.1	4
2010/12/13	1380.2	1398.7	1380	1395.7	4
2010/12/14	1395.8	1407.7	1391.6	1396.3	4
2010/12/15	1396.2	1396.7	1377.9	1380.4	4
2010/12/16	1380.3	1385.9	1361.2	1369.6	4
2010/12/17	1369.7	1378.4	1364.5	1375.3	4
2010/12/19	1375.1	1382	1375.1	1381.6	4
2010/12/20	1380.7	1387.7	1375.8	1385.1	4
2010/12/21	1385.2	1391.7	1380.7	1386.1	4
2010/12/22	1386.1	1390.6	1382.7	1386.9	4
2010/12/23	1386.5	1388.2	1371.8	1378.5	4
2010/12/24	1378.5	1385.2	1378.5	1383.7	4
2010/12/26	1376.7	1376.8	1372.6	1373.6	4
2010/12/27	1372.6	1385.8	1372.6	1384.4	4
2010/12/28	1384.6	1406.4	1384.3	1404.7	4
2010/12/29	1404.1	1413.7	1401	1410.8	4
2010/12/30	1410.8	1414.4	1402.7	1405.5	4
2010/12/31	1405.3	1421	1405.3	1420	4
2011/1/2	1420.9	1420.9	1416.5	1416.7	4
2011/1/3	1416.6	1423.5	1412.6	1414.7	4
2011/1/4	1414.3	1416.9	1374.6	1382.8	4
2011/1/5	1383.5	1384.5	1363.8	1375.6	4
2011/1/6	1375.4	1379.4	1364.6	1371.2	4
2011/1/7	1371	1378.3	1352.6	1368.6	4
2011/1/9	1369.2	1372.9	1367.4	1369.3	4
2011/1/10	1370.2	1375.7	1365.5	1374.9	4
2011/1/11	1374.7	1386.3	1372.9	1381.3	4
2011/1/12	1381.4	1388.4	1376.3	1385.9	4
2011/1/13	1385.7	1392.7	1369.3	1374.1	4
2011/1/14	1374.3	1377.7	1354.8	1360	4
2011/1/16	1361.5	1364.5	1360.9	1363.7	4
2011/1/17	1363.8	1365.4	1357	1360.6	4
2011/1/18	1360.6	1375.9	1360.5	1368	4
2011/1/19	1367.8	1378.7	1366.8	1368.5	4
2011/1/20	1369	1370.8	1343	1347.5	4
2011/1/21	1347.6	1349.9	1337.5	1340.8	4
2011/1/23	1342.9	1347.6	1342.9	1345.3	4
2011/1/24	1345	1352.8	1332.3	1337.3	4
2011/1/25	1337.4	1338.2	1322.5	1331.6	4
2011/1/26	1331.4	1346.3	1324.7	1343	4
2011/1/27	1342.9	1347.6	1310.1	1315.5	4
2011/1/28	1314.6	1346.6	1307.9	1334.4	4
2011/1/30	1338.4	1345.7	1338.4	1343.5	4
2011/1/31	1343.8	1345.6	1322.8	1332.5	4
2011/2/1	1332.3	1343.7	1325.2	1341.8	4
2011/2/2	1341.6	1342.6	1326.4	1334.5	4
2011/2/3	1334.5	1355.5	1324.9	1351.4	4
2011/2/4	1351.7	1357.7	1345.1	1348.4	4
2011/2/6	1347.6	1347.6	1343.4	1344.1	4
2011/2/7	1343.8	1352.8	1343.8	1350.5	4
2011/2/8	1350.6	1367.6	1348.2	1361.8	4
2011/2/9	1361.7	1366.5	1357.8	1363.4	4
2011/2/10	1363.6	1365.6	1351	1363.3	4
2011/2/11	1363.2	1367.9	1353.8	1356.2	4
2011/2/13	1356	1357.7	1355	1356.3	4
2011/2/14	1356.1	1366.2	1353.8	1361.7	4
2011/2/15	1361.6	1376.2	1360.7	1371.7	4
2011/2/16	1371.4	1381.5	1368.3	1375.5	4
2011/2/17	1375.2	1385.2	1373.9	1383.7	4
2011/2/18	1383.6	1391.5	1381.5	1387.2	4
2011/2/20	1391.9	1391.9	1389.6	1390.7	4
2011/2/21	1390.6	1408.9	1390.5	1408.2	4
2011/2/22	1407.8	1410.5	1392.5	1399	4
2011/2/23	1399	1416.2	1395.2	1413.6	4
2011/2/24	1413.7	1417.8	1392.3	1403	4
2011/2/25	1402.6	1411.2	1399.5	1407.9	4
2011/2/27	1409.2	1414.1	1408	1412.9	4
2011/2/28	1412.9	1416.1	1404.5	1410.5	4
2011/3/1	1410.4	1434.4	1409	1433.6	4
2011/3/2	1433.4	1439.8	1427.4	1433.1	4
2011/3/3	1433	1435.8	1409.9	1413.9	4
2011/3/4	1414.1	1431.6	1413.9	1427.7	4
2011/3/6	1433.6	1437.5	1432.7	1434.6	4
2011/3/7	1435.3	1444.3	1427.8	1431.5	4
2011/3/8	1431.6	1436.4	1423	1428.3	4
2011/3/9	1428.3	1435.8	1423	1429.3	4
2011/3/10	1429.3	1431.1	1402.8	1411.4	4
2011/3/11	1411.5	1423.8	1404.5	1416.3	4
2011/3/13	1430.2	1430.9	1425.1	1426.3	4
2011/3/14	1426.4	1430	1418.1	1426.4	4
2011/3/15	1426.1	1426.1	1380.8	1395.5	4
2011/3/16	1395.4	1405.7	1386.3	1387.7	4
2011/3/17	1387.4	1407.7	1386.9	1406.4	4
2011/3/18	1406.7	1423.4	1406	1418.2	4
2011/3/20	1425.4	1426.6	1423.9	1425.7	4
2011/3/21	1425.7	1434.4	1423.7	1426.2	4
2011/3/22	1426.3	1431.6	1419.2	1427.5	4
2011/3/23	1427.7	1440.6	1425.4	1437.7	4
2011/3/24	1437.5	1447.1	1423.5	1431.5	4
2011/3/25	1431.9	1437.5	1422	1429.3	4
2011/3/27	1427.8	1428.9	1424	1425.8	4
2011/3/28	1425.7	1427.8	1409.9	1420.5	4
2011/3/29	1420.4	1422.9	1410.7	1416.9	4
2011/3/30	1416.8	1429.5	1411.8	1421.6	4
2011/3/31	1421.7	1439.1	1420.1	1432	4
2011/4/1	1431.9	1435.7	1412.5	1426.5	4
2011/4/3	1428.4	1430.7	1427.6	1430.2	4
2011/4/4	1430.1	1438.3	1429.3	1434.2	4
2011/4/5	1434.2	1456.8	1429.7	1453	4
2011/4/6	1453.5	1461.7	1451	1458.2	4
2011/4/7	1458.1	1464.5	1452.5	1458.6	4
2011/4/8	1458.5	1474.6	1456.1	1473.8	4
2011/4/10	1475	1475.8	1472.9	1475.4	4
2011/4/11	1475.8	1476	1459	1463.2	4
2011/4/12	1463.2	1466.8	1444	1453	4
2011/4/13	1453	1461.8	1451	1455.7	4
2011/4/14	1455.6	1477.9	1452.1	1476.9	4
2011/4/15	1477	1487.7	1471.1	1486	4
2011/4/17	1485.7	1487.1	1484.6	1486.6	4
2011/4/18	1487	1497.3	1477.2	1494.5	4
2011/4/19	1494.6	1498.7	1487.2	1495.8	4
2011/4/20	1496	1505.5	1493.4	1500.9	4
2011/4/21	1500.8	1508.7	1500.4	1504.7	4
2011/4/22	1504.7	1512.3	1504.3	1506.1	4
2011/4/24	1510.4	1513.5	1509.5	1512.1	4
2011/4/25	1512	1517.9	1501.7	1506.1	4
2011/4/26	1506.3	1509.4	1492.7	1509.2	4
2011/4/27	1509	1529.7	1502.8	1524.8	4
2011/4/28	1524.6	1538	1524.1	1534.7	4
2011/4/29	1534.7	1568.6	1531.5	1559.3	4
2011/5/1	1563.2	1575.9	1544.1	1555.3	4
2011/5/2	1555	1574.4	1531.5	1541.2	4
2011/5/3	1541.2	1550.7	1526.8	1536.5	4
2011/5/4	1536.5	1542.8	1505.8	1515.3	4
2011/5/5	1514.7	1521.6	1462.2	1472.2	4
2011/5/6	1472.9	1497.8	1472.4	1490.8	4
2011/5/8	1494.9	1496.2	1489.7	1493.3	4
2011/5/9	1493.5	1513.6	1492.3	1510	4
2011/5/10	1510.5	1519	1505.7	1515.6	4
2011/5/11	1515.6	1526.1	1495.5	1503.4	4
2011/5/12	1503.3	1507.5	1477.8	1504.3	4
2011/5/13	1504.3	1516.1	1482.7	1492.3	4
2011/5/15	1493.9	1494.2	1487.2	1491.8	4
2011/5/16	1491.5	1503.9	1488.2	1489.8	4
2011/5/17	1489.6	1497.2	1471.7	1485.9	4
2011/5/18	1485.6	1499.4	1484.6	1496.1	4
2011/5/19	1495.7	1499.3	1486	1495.5	4
2011/5/20	1495	1515.4	1486.6	1512.8	4
2011/5/22	1512.4	1518.4	1509.5	1516.1	4
2011/5/23	1516.6	1517.4	1503.6	1513.9	4
2011/5/24	1514	1527.2	1513.8	1524.1	4
2011/5/25	1524.1	1534.9	1520.9	1526	4
2011/5/26	1525.9	1530.5	1514.5	1523.9	4
2011/5/27	1523.9	1537.9	1522.3	1536	4
2011/5/29	1536.2	1537.4	1535.5	1536.4	4
2011/5/30	1536.2	1538.8	1533.8	1538.2	4
2011/5/31	1538.2	1540.2	1531.9	1534.9	4
2011/6/1	1535	1549.9	1529.2	1542.6	4
2011/6/2	1542.5	1544	1519.3	1533.5	4
2011/6/3	1534	1545.4	1523.7	1540.8	4
2011/6/5	1542.5	1544.3	1540.6	1543.4	4
2011/6/6	1544.4	1553.2	1540.7	1544.2	4
2011/6/7	1544.1	1549.8	1536	1544.6	4
2011/6/8	1544.5	1544.8	1530.6	1535.6	4
2011/6/9	1535.8	1549.1	1532.9	1542	4
2011/6/10	1542	1545	1525.8	1530.4	4
2011/6/12	1528.2	1530.7	1527	1530.4	4
2011/6/13	1530.4	1532.3	1510.5	1517.2	4
2011/6/14	1516.9	1526.9	1511.8	1526.1	4
2011/6/15	1526.1	1534.2	1513.8	1528.4	4
2011/6/16	1528.6	1532.6	1521.4	1528.5	4
2011/6/17	1528.5	1541.6	1522.2	1538.5	4
2011/6/19	1538.7	1541.1	1537.8	1538.6	4
2011/6/20	1538.7	1546.1	1532.6	1539.2	4
2011/6/21	1539.2	1550	1539.2	1545.2	4
2011/6/22	1545.3	1557.6	1541	1548	4
2011/6/23	1547.7	1548.3	1512.6	1523.6	4
2011/6/24	1524.5	1525.3	1498.1	1499.2	4
2011/6/26	1500.7	1502.1	1497.9	1501.4	4
2011/6/27	1501.5	1504.9	1491	1500.1	4
2011/6/28	1500.2	1505.9	1495.5	1500.1	4
2011/6/29	1500.3	1512.5	1500.3	1510.1	4
2011/6/30	1510.1	1513.8	1498.3	1501.2	4
2011/7/1	1500.9	1501.5	1477.9	1487.3	4
2011/7/3	1486.6	1489.4	1486	1489.3	4
2011/7/4	1489.3	1496.2	1489.3	1494.9	4
2011/7/5	1494.8	1516.2	1492.9	1512.3	4
2011/7/6	1512.2	1533.4	1509.8	1527.8	4
2011/7/7	1527.5	1534.1	1522.6	1529.9	4
2011/7/8	1529.8	1544.9	1524.5	1542	4
2011/7/10	1543.9	1543.9	1541.4	1542.1	4
2011/7/11	1542.3	1556.4	1541.5	1551.9	4
2011/7/12	1551.8	1573	1540.3	1567.4	4
2011/7/13	1567.3	1589.4	1564.1	1588.7	4
2011/7/14	1589.2	1593.9	1578.6	1586.3	4
2011/7/15	1586.2	1593.3	1575.7	1592.7	4
2011/7/17	1593.1	1598.2	1593.1	1596.3	4
2011/7/18	1596.1	1606.9	1591.3	1603	4
2011/7/19	1603.1	1609.6	1582.2	1589	4
2011/7/20	1589.3	1601.7	1580.8	1598.2	4
2011/7/21	1598.1	1604.1	1584.6	1591.1	4
2011/7/22	1591	1606.7	1583.4	1602.3	4
2011/7/24	1599.5	1623.1	1599.5	1615.9	4
2011/7/25	1615.7	1621.2	1607.8	1613.5	4
2011/7/26	1613.5	1620.1	1607.7	1619	4
2011/7/27	1619.1	1627.7	1608.6	1613.1	4
2011/7/28	1613.1	1619.8	1602.9	1614	4
2011/7/29	1614	1632.1	1610.3	1624.4	4
2011/7/31	1626.3	1626.3	1606.1	1614.7	4
2011/8/1	1614.7	1631.3	1608.7	1618	4
2011/8/2	1618.2	1661.1	1617.9	1654.5	4
2011/8/3	1654.6	1672.4	1651.6	1660	4
2011/8/4	1659.6	1681.4	1640.3	1644	4
2011/8/5	1643.9	1669.6	1641.4	1661.3	4
2011/8/7	1679.6	1694.4	1679.6	1685.2	4
2011/8/8	1686	1722.9	1682.1	1721.1	4
2011/8/9	1721.4	1779	1720	1762.7	4
2011/8/10	1762.6	1814.4	1737.7	1806.6	4
2011/8/11	1807.1	1808.3	1732.3	1753.7	4
2011/8/12	1752.9	1767.5	1723.3	1745.4	4
2011/8/14	1739.6	1747	1731.4	1732.6	4
2011/8/15	1733	1769.7	1728.2	1766.7	4
2011/8/16	1767.1	1787.6	1760.8	1785	4
2011/8/17	1785.2	1794.3	1778.9	1787.1	4
2011/8/18	1787	1828.2	1783.7	1824.7	4
2011/8/19	1824.7	1877.2	1824.7	1848.4	4
2011/8/21	1853.5	1875.3	1853.5	1869.4	4
2011/8/22	1869.8	1911.5	1857.7	1909.2	4
2011/8/23	1909.4	1909.8	1823.5	1836.8	4
2011/8/24	1837.5	1853.6	1741.6	1750.3	4
2011/8/25	1750.2	1774.7	1702.7	1763.6	4
2011/8/26	1764.4	1822.7	1757	1822	4
2011/8/28	1834.8	1838.4	1819.9	1822.5	4
2011/8/29	1822.6	1825	1775.7	1788.9	4
2011/8/30	1789.9	1839.5	1783.2	1829.7	4
2011/8/31	1828.7	1839.3	1811.1	1827	4
2011/9/1	1826.9	1830.3	1813.6	1825.7	4
2011/9/2	1825.9	1884.3	1824.2	1882.1	4
2011/9/4	1889.5	1889.5	1877.8	1885.6	4
2011/9/5	1885	1902.8	1874	1898.6	4
2011/9/6	1897.5	1920.5	1858.3	1876.3	4
2011/9/7	1876.3	1880.1	1792.8	1814	4
2011/9/8	1813.5	1870.2	1813.4	1864.7	4
2011/9/9	1864.6	1885.4	1823.2	1855.7	4
2011/9/11	1858	1862	1850.6	1857.9	4
2011/9/12	1857.7	1858.7	1801.1	1821	4
2011/9/13	1823.4	1843.4	1794.9	1836.2	4
2011/9/14	1836	1844.3	1808.5	1823.6	4
2011/9/15	1823.8	1826.1	1772.3	1787.1	4
2011/9/16	1787	1820.9	1762.4	1807.1	4
2011/9/18	1810.9	1827.2	1810.9	1824.6	4
2011/9/19	1824.8	1826.5	1770.7	1781.9	4
2011/9/20	1781.8	1811	1769.5	1801.9	4
2011/9/21	1802	1816.1	1778.6	1783.6	4
2011/9/22	1784.2	1784.7	1720.7	1741.4	4
2011/9/23	1741.9	1754.8	1628.8	1642.2	4
2011/9/25	1657	1657	1630	1650.8	4
2011/9/26	1651.1	1663.3	1533.4	1617.9	4
2011/9/27	1620.5	1676.6	1614.7	1643	4
2011/9/28	1642.9	1668.9	1588.2	1588.4	4
2011/9/29	1589.2	1634.7	1582.7	1623.5	4
2011/9/30	1623.9	1639.9	1606.5	1621.9	4
2011/10/2	1623.7	1631.8	1619.8	1629.5	4
2011/10/3	1628.9	1671.8	1624.4	1666.9	4
2011/10/4	1667.1	1677.9	1595.5	1629.3	4
2011/10/5	1629.8	1646.5	1597.5	1637.7	4
2011/10/6	1636.8	1654.6	1631.5	1651.2	4
2011/10/7	1651.7	1665.9	1625.9	1637.1	4
2011/10/9	1639.1	1645.8	1638	1644.7	4
2011/10/10	1644.5	1683	1644.2	1673.7	4
2011/10/11	1673.8	1684.2	1653.9	1661.8	4
2011/10/12	1661.2	1691.7	1661.2	1677.8	4
2011/10/13	1678.6	1683.9	1652.6	1668.4	4
2011/10/14	1668	1683.2	1660.8	1679.7	4
2011/10/16	1679.3	1683.7	1677.1	1680.7	4
2011/10/17	1680.8	1694.4	1665.5	1673.6	4
2011/10/18	1673.7	1676.3	1626.7	1656	4
2011/10/19	1656.8	1664.8	1639.4	1641.4	4
2011/10/20	1641.3	1644.1	1603.6	1614.9	4
2011/10/21	1615.7	1648.1	1611.7	1639.7	4
2011/10/23	1643.1	1644	1636.9	1642.6	4
2011/10/24	1642.6	1661.5	1635.2	1647.9	4
2011/10/25	1648.4	1708.5	1647.5	1699.1	4
2011/10/26	1700.3	1726.3	1699.6	1722.9	4
2011/10/27	1722.8	1749.5	1705.8	1746	4
2011/10/28	1745.8	1752.1	1732.1	1743.4	4
2011/10/30	1742.3	1744.7	1741.1	1741.7	4
2011/10/31	1741.8	1744.5	1704.6	1713.8	4
2011/11/1	1713.9	1723.8	1681	1716.1	4
2011/11/2	1715.2	1743.7	1715	1735	4
2011/11/3	1734.9	1767.3	1722.6	1758	4
2011/11/4	1758	1763.2	1749	1754.2	4
2011/11/6	1753.7	1759.5	1752.9	1757.2	4
2011/11/7	1756.7	1798	1754	1792.9	4
2011/11/8	1793.1	1802.5	1776.8	1788.8	4
2011/11/9	1789.1	1799.2	1763.9	1771.2	4
2011/11/10	1771.2	1774.9	1735.9	1752.3	4
2011/11/11	1752.3	1788.3	1751.6	1787.7	4
2011/11/13	1787.7	1795.7	1787.5	1794.7	4
2011/11/14	1794.8	1794.8	1773.6	1780.3	4
2011/11/15	1779.3	1785.4	1760.1	1778	4
2011/11/16	1778.2	1783.2	1753.3	1761.2	4
2011/11/17	1761.7	1766.6	1710.9	1721.2	4
2011/11/18	1721.2	1737.1	1711	1722.6	4
2011/11/20	1725	1725	1715.5	1719.9	4
2011/11/21	1719.5	1725.8	1666.7	1678.4	4
2011/11/22	1677.7	1705.2	1672.3	1700.7	4
2011/11/23	1701.3	1709.6	1677	1689.1	4
2011/11/24	1690	1701.5	1687.4	1694.8	4
2011/11/25	1695.3	1697.3	1671.7	1681.3	4
2011/11/27	1684.1	1694.8	1682.7	1692.3	4
2011/11/28	1692.8	1720.1	1691.8	1711.9	4
2011/11/29	1712.1	1720.4	1703.2	1718.4	4
2011/11/30	1718.3	1749.6	1700.7	1747	4
2011/12/1	1747.9	1753.8	1733.3	1745	4
2011/12/2	1745.1	1761.9	1737.7	1745.4	4
2011/12/4	1745.2	1754.5	1745.2	1753.5	4
2011/12/5	1753.4	1753.9	1717.5	1722.2	4
2011/12/6	1721.6	1732.6	1701.8	1727.9	4
2011/12/7	1728	1742.6	1720	1741	4
2011/12/8	1740.4	1755.2	1703.8	1709.4	4
2011/12/9	1709.5	1723.6	1703.2	1710.9	4
2011/12/11	1712.1	1713.8	1710.3	1711.8	4
2011/12/12	1711.9	1714.4	1657.1	1666.2	4
2011/12/13	1665.7	1677.7	1622.2	1626.9	4
2011/12/14	1627.3	1641.1	1564.2	1576.5	4
2011/12/15	1575.4	1593.5	1560.3	1575.1	4
2011/12/16	1575.4	1600.8	1574.6	1596.8	4
2011/12/18	1598.5	1604.6	1597.9	1603	4
2011/12/19	1602.9	1608.2	1583.1	1593.1	4
2011/12/20	1593	1618	1593	1617.6	4
2011/12/21	1617.6	1641.3	1605.9	1612	4
2011/12/22	1611.9	1616.5	1597.9	1608	4
2011/12/23	1607.9	1613.4	1602.5	1607	4
2011/12/25	1606.5	1606.5	1606.5	1606.5	4
2011/12/26	1606.5	1613.3	1598	1602.3	4
2011/12/27	1602.7	1603.9	1589.3	1589.7	4
2011/12/28	1589.7	1592.4	1549.3	1555.7	4
2011/12/29	1555.7	1558.2	1522.3	1547.2	4
2011/12/30	1547.4	1581	1547.4	1563	4
2012/1/2	1567.2	1571.3	1564.4	1570.3	4
2012/1/3	1570.4	1606.8	1570.4	1605.8	4
2012/1/4	1605.9	1618.1	1592.5	1611.1	4
2012/1/5	1611.2	1625.2	1596.6	1620.9	4
2012/1/6	1620.7	1630.6	1608.4	1615.9	4
2012/1/8	1617.1	1617.1	1608.4	1612.7	4
2012/1/9	1612.9	1623	1604.6	1610.7	4
2012/1/10	1611.4	1639.6	1610.8	1633.9	4
2012/1/11	1634	1646.8	1629.9	1642.2	4
2012/1/12	1642.2	1661.6	1639.9	1647.4	4
2012/1/13	1647.3	1649.3	1625.1	1637.9	4
2012/1/15	1638	1638.1	1633.4	1635.1	4
2012/1/16	1634.8	1646.7	1631.2	1643.7	4
2012/1/17	1643.7	1667.2	1642.9	1654.9	4
2012/1/18	1654.2	1661.9	1642.7	1659.9	4
2012/1/19	1660.1	1669.4	1648.9	1655.4	4
2012/1/20	1655.2	1666.5	1644.8	1665.9	4
2012/1/22	1665	1666.5	1662.4	1662.8	4
2012/1/23	1663	1681	1662.6	1679	4
2012/1/24	1679.1	1679.3	1661.2	1667.2	4
2012/1/25	1666.3	1712.6	1648.8	1709.5	4
2012/1/26	1709.6	1729.9	1702.9	1719.3	4
2012/1/27	1719.3	1737.7	1714.4	1737.7	4
2012/1/29	1736.3	1739.5	1735.5	1737.5	4
2012/1/30	1737.5	1737.6	1716.1	1729.9	4
2012/1/31	1729.9	1747.2	1726.4	1735.6	4
2012/2/1	1735.5	1750.8	1732.4	1744.5	4
2012/2/2	1744.4	1760.7	1740.8	1756.8	4
2012/2/3	1756.3	1762.8	1723.4	1725.1	4
2012/2/5	1726.8	1731.3	1726.6	1731.3	4
2012/2/6	1731.1	1737.7	1711.5	1720.2	4
2012/2/7	1720.1	1749.4	1709.8	1743.7	4
2012/2/8	1744.3	1751.4	1724.6	1731.5	4
2012/2/9	1731.6	1751.6	1725.5	1730.7	4
2012/2/10	1730.3	1734.3	1704.5	1719.6	4
2012/2/12	1722.3	1728.2	1722.3	1726.1	4
2012/2/13	1725.9	1732.8	1715.8	1718.4	4
2012/2/14	1718.2	1727.2	1711.9	1719.3	4
2012/2/15	1719.3	1736.8	1718.3	1727.8	4
2012/2/16	1727.7	1729.6	1705.2	1727.6	4
2012/2/17	1727.2	1735.2	1716.8	1721.1	4
2012/2/19	1725.8	1733.2	1725.8	1732.7	4
2012/2/20	1732.9	1736.7	1728.3	1732.8	4
2012/2/21	1732.9	1759.8	1730.6	1757.3	4
2012/2/22	1757	1781.2	1749	1775.3	4
2012/2/23	1775.1	1786.9	1771.9	1778.8	4
2012/2/24	1778.7	1782.4	1770.4	1771.8	4
2012/2/26	1775.1	1775.4	1772.8	1773	4
2012/2/27	1772.9	1778.9	1761.7	1767	4
2012/2/28	1766.9	1789.5	1765.5	1782.7	4
